-282.590000 0.003 -44.036000
352.005000 0.003 -630.378000
379.567000 0.003 -614.177000
-231.056000 0.003 505.716000
-509.569000 0.003 -689.049000
169.190000 0.003 -457.732000
-114.101000 0.003 357.220000
-237.390000 0.003 -106.048000
168.978000 0.003 -49.218000
355.308000 0.003 427.659000
27.668000 0.003 -311.775000
-285.781000 0.003 -127.665000
638.349000 0.003 -175.369000
-139.904000 0.003 -264.249000
68.461000 0.003 -162.139000
-175.974000 0.003 -3.005000
-260.996000 0.003 145.883000
-109.650000 0.003 -545.081000
-15.827000 0.003 -195.360000
-142.148000 0.003 -384.570000
131.681000 0.003 -224.188000
144.599000 0.003 -160.459000
509.569000 0.003 -689.049000
-188.888000 0.003 143.145000
535.942000 0.003 -147.995000
-380.378000 0.003 -371.936000
-166.298000 0.003 283.876000
59.384000 0.003 130.087000
-451.759000 0.003 -324.114000
565.669000 0.003 -284.090000
312.921000 0.003 7.023000
168.239000 0.003 -214.999000
579.789000 0.003 -15.643000
382.717000 0.003 -191.602000
-640.788000 0.003 -255.911000
77.080000 0.003 -180.207000
-269.439000 0.003 -458.723000
509.882000 0.003 -10.964000
219.265000 0.003 -593.811000
-176.135000 0.003 -125.030000
-243.294000 0.003 150.346000
688.250000 0.003 -49.106000
130.350000 0.003 172.235000
-117.378000 0.003 181.324000
321.918000 0.003 -578.458000
-189.924000 0.003 -323.348000
-392.117000 0.003 26.323000
265.969000 0.003 105.151000
427.039000 0.003 28.668000
236.676000 0.003 12.381000
-23.794000 0.003 271.961000
160.597000 0.003 -338.871000
277.591000 0.003 -68.844000
503.891000 0.003 235.010000
248.853000 0.003 -781.327000
-482.046000 0.003 166.528000
158.138000 0.003 16.531000
-338.910000 0.003 -52.812000
-294.192000 0.003 -147.283000
-252.355000 0.003 -62.585000
54.461000 0.003 -230.658000
-541.947000 0.003 -124.216000
-101.478000 0.003 -44.979000
-127.631000 0.003 -303.235000
-212.616000 0.003 -38.082000
43.138000 0.003 -486.090000
-413.621000 0.003 -406.593000
-508.347000 0.003 279.256000
246.052000 0.003 -262.790000
-131.204000 0.003 -846.897000
-187.903000 0.003 55.753000
555.337000 0.003 -27.153000
-93.957000 0.003 -417.560000
370.469000 0.003 -251.906000
-447.164000 0.003 -731.091000
505.575000 0.003 -284.243000
100.320000 0.003 -313.332000
-432.243000 0.003 -462.444000
-312.921000 0.003 7.023000
-474.233000 0.003 -668.957000
-92.100000 0.003 61.956000
458.804000 0.003 -92.318000
424.863000 0.003 358.647000
-547.823000 0.003 95.005000
395.290000 0.003 -424.436000
-213.432000 0.003 103.034000
-278.392000 0.003 228.250000
-331.268000 0.003 387.765000
476.018000 0.003 -375.024000
308.934000 0.003 -433.109000
256.091000 0.003 273.939000
-13.653000 0.003 312.702000
474.442000 0.003 -187.096000
153.791000 0.003 325.497000
-112.083000 0.003 57.562000
342.985000 0.003 -256.018000
158.787000 0.003 378.003000
-46.175000 0.003 -84.166000
28.201000 0.003 91.764000
-525.656000 0.003 -81.913000
-66.501000 0.003 -750.058000
283.641000 0.003 -192.865000
-75.073000 0.003 334.683000
-43.818000 0.003 -660.548000
-328.924000 0.003 -7.073000
248.428000 0.003 -497.413000
-470.222000 0.003 -504.967000
55.903000 0.003 -630.527000
503.842000 0.003 79.017000
-292.864000 0.003 -500.630000
75.918000 0.003 224.512000
133.461000 0.003 51.353000
-466.949000 0.003 31.347000
454.812000 0.003 319.815000
348.918000 0.003 -341.175000
14.615000 0.003 -661.839000
56.412000 0.003 -855.141000
-216.340000 0.003 369.298000
367.565000 0.003 74.305000
324.313000 0.003 -111.670000
-28.562000 0.003 122.720000
608.923000 0.003 -549.193000
75.089000 0.003 181.046000
294.866000 0.003 -659.043000
-70.097000 0.003 527.362000
203.574000 0.003 -237.753000
-465.435000 0.003 208.496000
-242.261000 0.003 -198.188000
-7.915000 0.003 -142.781000
33.149000 0.003 -373.532000
-105.918000 0.003 33.202000
90.013000 0.003 -330.978000
-381.955000 0.003 -725.611000
85.506000 0.003 -549.386000
-349.328000 0.003 87.004000
-454.127000 0.003 113.105000
-538.256000 0.003 -385.388000
229.052000 0.003 171.264000
-347.139000 0.003 -563.683000
-188.506000 0.003 -53.679000
-534.413000 0.003 -285.725000
235.338000 0.003 28.022000
-160.072000 0.003 204.883000
156.908000 0.003 177.620000
208.719000 0.003 293.319000
-79.110000 0.003 247.672000
265.273000 0.003 409.602000
-221.853000 0.003 -283.516000
-121.490000 0.003 229.870000
-359.557000 0.003 106.506000
-548.830000 0.003 -469.116000
-689.901000 0.003 11.717000
328.924000 0.003 -7.073000
-92.017000 0.003 -195.420000
537.321000 0.003 142.907000
-142.912000 0.003 5.013000
-260.832000 0.003 -706.382000
-629.055000 0.003 -70.560000
158.314000 0.003 -14.749000
453.820000 0.003 179.418000
-535.942000 0.003 -147.995000
85.938000 0.003 -480.373000
94.532000 0.003 83.305000
15.827000 0.003 -195.360000
499.979000 0.003 -100.603000
247.154000 0.003 -420.783000
303.987000 0.003 355.832000
104.365000 0.003 326.737000
-183.556000 0.003 -68.725000
7.849000 0.003 -236.870000
-87.006000 0.003 40.571000
405.111000 0.003 -63.128000
-73.397000 0.003 122.727000
625.549000 0.003 96.840000
0.000000 0.003 -313.000000
99.589000 0.003 -746.385000
236.505000 0.003 -160.815000
-280.690000 0.003 275.067000
247.076000 0.003 168.388000
348.377000 0.003 -595.595000
0.000000 0.003 -532.000000
-371.685000 0.003 -547.809000
-206.143000 0.003 116.937000
83.244000 0.003 -259.999000
-238.301000 0.003 133.198000
-14.615000 0.003 -661.839000
358.097000 0.003 -199.665000
388.254000 0.003 60.890000
215.802000 0.003 9.242000
-351.237000 0.003 -431.009000
-139.668000 0.003 75.986000
-247.618000 0.003 -524.486000
213.876000 0.003 -329.706000
-365.599000 0.003 -144.174000
-568.042000 0.003 -117.166000
175.974000 0.003 -3.005000
-317.339000 0.003 -259.607000
-148.571000 0.003 -229.032000
-665.775000 0.003 -279.335000
-176.252000 0.003 -552.572000
-639.443000 0.003 171.338000
-172.677000 0.003 -34.041000
199.929000 0.003 423.146000
216.340000 0.003 369.298000
-440.788000 0.003 -493.913000
144.819000 0.003 100.017000
-142.705000 0.003 -445.712000
-481.766000 0.003 322.957000
-310.967000 0.003 107.427000
80.982000 0.003 1.696000
344.139000 0.003 -531.279000
-405.040000 0.003 -380.892000
-689.746000 0.003 -18.713000
-142.930000 0.003 -707.711000
-248.853000 0.003 -781.327000
-158.523000 0.003 -269.888000
47.925000 0.003 -720.408000
291.377000 0.003 -340.299000
407.479000 0.003 45.397000
194.689000 0.003 -22.635000
645.469000 0.003 -147.018000
187.417000 0.003 -634.916000
-334.900000 0.003 -132.068000
-56.412000 0.003 -855.141000
-57.802000 0.003 111.960000
-277.549000 0.003 -427.862000
-468.474000 0.003 299.447000
-579.789000 0.003 -15.643000
248.587000 0.003 470.349000
-204.360000 0.003 -218.262000
146.465000 0.003 61.879000
-234.238000 0.003 250.562000
-271.335000 0.003 381.315000
-131.681000 0.003 -224.188000
-614.552000 0.003 151.707000
629.218000 0.003 69.096000
-175.015000 0.003 -18.596000
303.911000 0.003 249.172000
168.447000 0.003 -318.160000
-492.029000 0.003 -483.743000
142.148000 0.003 -384.570000
-204.985000 0.003 -832.124000
-23.647000 0.003 -141.031000
-103.776000 0.003 189.438000
211.114000 0.003 173.089000
386.727000 0.003 263.564000
93.957000 0.003 -417.560000
-434.943000 0.003 383.699000
265.401000 0.003 -671.451000
-30.423000 0.003 -689.329000
-257.121000 0.003 251.970000
-105.906000 0.003 -251.620000
-632.515000 0.003 -521.847000
44.449000 0.003 508.059000
432.405000 0.003 -578.196000
381.043000 0.003 -649.473000
363.468000 0.003 325.631000
-176.247000 0.003 478.578000
317.226000 0.003 -516.337000
-71.324000 0.003 263.518000
-158.279000 0.003 222.434000
-217.764000 0.003 -305.293000
501.640000 0.003 -239.778000
-640.430000 0.003 -396.053000
-162.720000 0.003 -250.845000
-398.159000 0.003 -157.014000
-171.242000 0.003 -581.302000
-60.403000 0.003 -337.640000
95.237000 0.003 298.159000
-202.749000 0.003 -259.102000
215.263000 0.003 -626.024000
271.866000 0.003 185.283000
-175.226000 0.003 331.543000
20.710000 0.003 -467.542000
310.103000 0.003 -210.859000
-285.941000 0.003 -732.143000
46.175000 0.003 -84.166000
-265.481000 0.003 -217.183000
-406.384000 0.003 -596.771000
-130.345000 0.003 -146.377000
-72.935000 0.003 -657.970000
622.906000 0.003 -365.064000
-111.958000 0.003 -497.559000
-73.274000 0.003 -83.378000
0.000000 0.003 -488.000000
182.841000 0.003 386.980000
-721.867000 0.003 -214.284000
-489.608000 0.003 -401.215000
59.930000 0.003 -266.341000
-629.985000 0.003 -203.377000
-211.172000 0.003 270.288000
269.641000 0.003 -604.597000
141.334000 0.003 218.231000
-214.545000 0.003 25.031000
-447.500000 0.003 -525.208000
-128.066000 0.003 -470.896000
-44.600000 0.003 152.617000
-661.259000 0.003 -31.310000
-192.518000 0.003 -97.942000
-169.016000 0.003 99.245000
213.016000 0.003 190.841000
-122.088000 0.003 101.860000
371.459000 0.003 128.324000
-603.307000 0.003 -57.072000
-308.934000 0.003 -433.109000
66.694000 0.003 -106.902000
89.738000 0.003 400.059000
179.047000 0.003 -276.013000
232.924000 0.003 -359.069000
-525.078000 0.003 302.537000
-158.314000 0.003 -14.749000
657.310000 0.003 -367.358000
-266.756000 0.003 -636.350000
-628.882000 0.003 -283.915000
-130.013000 0.003 -351.741000
-104.912000 0.003 212.515000
656.472000 0.003 85.373000
-12.531000 0.003 95.179000
-340.268000 0.003 117.549000
-150.983000 0.003 -211.670000
175.586000 0.003 -370.499000
0.000000 0.003 -375.000000
-81.850000 0.003 460.787000
342.389000 0.003 -152.953000
-67.932000 0.003 -44.116000
-82.077000 0.003 365.907000
176.247000 0.003 478.578000
272.937000 0.003 -5.869000
489.367000 0.003 -572.301000
-327.532000 0.003 419.222000
288.492000 0.003 -215.342000
-275.816000 0.003 353.029000
244.116000 0.003 -122.214000
314.655000 0.003 -487.229000
463.651000 0.003 -348.464000
467.892000 0.003 -10.061000
484.999000 0.003 54.034000
-185.597000 0.003 524.109000
-112.969000 0.003 -208.343000
-182.788000 0.003 70.744000
311.075000 0.003 34.657000
155.969000 0.003 -149.432000
651.329000 0.003 -118.381000
-578.512000 0.003 180.444000
208.991000 0.003 -440.984000
462.349000 0.003 72.510000
481.766000 0.003 322.957000
-82.568000 0.003 -155.430000
-274.222000 0.003 81.228000
-31.376000 0.003 358.630000
-54.461000 0.003 -230.658000
314.292000 0.003 -401.647000
398.323000 0.003 -245.689000
370.528000 0.003 -57.739000
103.776000 0.003 189.438000
-194.983000 0.003 191.077000
232.966000 0.003 43.540000
-118.340000 0.003 43.263000
-259.935000 0.003 5.834000
163.591000 0.003 -171.485000
-202.793000 0.003 -122.654000
-89.738000 0.003 400.059000
421.434000 0.003 287.217000
-59.926000 0.003 207.521000
451.759000 0.003 -324.114000
-215.899000 0.003 -6.596000
158.279000 0.003 222.434000
57.802000 0.003 111.960000
-517.617000 0.003 -261.673000
-125.971000 0.003 -2.693000
-124.751000 0.003 390.560000
23.512000 0.003 -235.831000
-511.726000 0.003 -217.422000
-93.111000 0.003 -598.804000
232.393000 0.003 116.591000
-269.703000 0.003 42.297000
-502.166000 0.003 -431.362000
-12.081000 0.003 -272.733000
422.421000 0.003 -434.507000
210.467000 0.003 -108.961000
28.674000 0.003 327.748000
187.540000 0.003 -763.299000
-545.227000 0.003 -566.148000
-153.791000 0.003 325.497000
554.745000 0.003 -361.251000
-273.377000 0.003 -152.428000
317.339000 0.003 -259.607000
258.401000 0.003 28.789000
128.066000 0.003 -470.896000
-445.562000 0.003 -199.043000
7.810000 0.003 -175.827000
-399.446000 0.003 420.527000
494.739000 0.003 195.596000
106.889000 0.003 -29.930000
-122.270000 0.003 451.745000
274.222000 0.003 81.228000
76.526000 0.003 -574.929000
-94.532000 0.003 83.305000
-279.304000 0.003 250.228000
-223.017000 0.003 -80.201000
-43.414000 0.003 102.158000
183.556000 0.003 -68.725000
554.063000 0.003 46.365000
87.021000 0.003 272.439000
-79.049000 0.003 17.670000
229.354000 0.003 -717.221000
-414.638000 0.003 -750.016000
-578.913000 0.003 35.500000
-161.682000 0.003 -110.793000
-601.425000 0.003 -338.213000
569.167000 0.003 111.572000
225.591000 0.003 153.746000
173.504000 0.003 413.038000
606.134000 0.003 -392.282000
-201.240000 0.003 -164.629000
292.864000 0.003 -500.630000
188.888000 0.003 143.145000
185.899000 0.003 -181.773000
106.090000 0.003 -188.151000
429.551000 0.003 127.239000
-444.315000 0.003 -689.191000
-436.913000 0.003 -613.283000
-199.181000 0.003 -279.242000
11.341000 0.003 259.753000
-214.835000 0.003 -22.400000
339.046000 0.003 -230.539000
-520.719000 0.003 -408.773000
-47.666000 0.003 -356.830000
-597.601000 0.003 -284.810000
28.234000 0.003 75.920000
537.998000 0.003 -526.846000
-415.313000 0.003 103.438000
-342.252000 0.003 -22.647000
66.637000 0.003 -602.325000
601.192000 0.003 76.185000
-54.022000 0.003 406.425000
39.072000 0.003 -233.757000
155.322000 0.003 -420.213000
-203.908000 0.003 71.256000
576.784000 0.003 60.993000
134.045000 0.003 -282.844000
87.826000 0.003 152.521000
29.354000 0.003 139.955000
226.250000 0.003 -507.885000
-19.541000 0.003 447.574000
52.965000 0.003 -114.327000
-44.584000 0.003 170.259000
-109.773000 0.003 -342.856000
18.939000 0.003 -427.581000
257.121000 0.003 251.970000
294.553000 0.003 -623.970000
-557.491000 0.003 -237.570000
361.449000 0.003 -486.405000
-553.599000 0.003 -51.617000
-168.239000 0.003 -214.999000
721.867000 0.003 -214.284000
-66.025000 0.003 46.922000
196.688000 0.003 -573.193000
-192.702000 0.003 246.647000
-179.143000 0.003 -800.192000
-363.974000 0.003 -90.267000
-340.891000 0.003 37.979000
-17.214000 0.003 -785.811000
-319.247000 0.003 79.512000
620.393000 0.003 -230.990000
213.751000 0.003 228.647000
-322.536000 0.003 -64.899000
98.411000 0.003 -361.857000
399.446000 0.003 420.527000
73.397000 0.003 122.727000
-295.686000 0.003 415.536000
354.569000 0.003 -122.088000
-87.021000 0.003 272.439000
72.147000 0.003 -816.820000
-57.540000 0.003 323.929000
-334.257000 0.003 327.561000
189.924000 0.003 -323.348000
-655.211000 0.003 -434.159000
-503.230000 0.003 -647.426000
334.489000 0.003 -206.316000
195.793000 0.003 8.999000
295.389000 0.003 46.326000
-56.907000 0.003 253.696000
-438.187000 0.003 -652.525000
-79.399000 0.003 -97.836000
668.949000 0.003 -169.136000
466.341000 0.003 -632.710000
270.850000 0.003 -572.127000
-164.800000 0.003 139.631000
-75.312000 0.003 -29.818000
230.873000 0.003 295.504000
136.732000 0.003 -41.874000
333.675000 0.003 298.939000
434.827000 0.003 -107.839000
-140.522000 0.003 -26.506000
23.647000 0.003 -141.031000
-386.727000 0.003 263.564000
250.676000 0.003 187.432000
625.322000 0.003 -98.295000
-292.919000 0.003 -262.007000
-473.651000 0.003 -117.467000
-494.739000 0.003 195.596000
-314.937000 0.003 -235.082000
-181.968000 0.003 310.625000
-18.939000 0.003 -427.581000
-459.032000 0.003 -395.633000
-363.468000 0.003 325.631000
60.532000 0.003 -93.042000
-135.814000 0.003 368.787000
-259.433000 0.003 -17.167000
-328.361000 0.003 245.518000
96.024000 0.003 -147.497000
-355.308000 0.003 427.659000
576.156000 0.003 -66.664000
269.703000 0.003 42.297000
381.105000 0.003 235.506000
152.363000 0.003 -45.459000
-223.794000 0.003 -218.827000
-71.248000 0.003 -64.340000
31.572000 0.003 -213.680000
-264.907000 0.003 65.978000
-719.253000 0.003 -62.926000
-187.540000 0.003 -763.299000
-180.618000 0.003 -525.845000
-192.804000 0.003 -602.923000
82.141000 0.003 -302.030000
166.081000 0.003 -232.837000
142.621000 0.003 162.220000
140.522000 0.003 -26.506000
78.894000 0.003 -440.999000
228.027000 0.003 431.448000
-39.072000 0.003 -233.757000
-395.290000 0.003 -424.436000
-211.114000 0.003 173.089000
0.000000 0.003 -216.000000
202.793000 0.003 -122.654000
422.832000 0.003 66.312000
181.760000 0.003 -254.818000
-265.401000 0.003 -671.451000
260.155000 0.003 -364.724000
-132.067000 0.003 196.792000
-305.943000 0.003 327.265000
-295.768000 0.003 470.805000
332.915000 0.003 -82.564000
-409.897000 0.003 9.200000
98.055000 0.003 437.137000
-439.117000 0.003 88.769000
-253.966000 0.003 -100.151000
160.209000 0.003 72.864000
661.259000 0.003 -31.310000
111.476000 0.003 113.375000
188.506000 0.003 -53.679000
425.412000 0.003 -46.999000
-208.229000 0.003 155.694000
551.548000 0.003 -414.602000
-598.273000 0.003 -206.781000
-467.057000 0.003 343.887000
-83.507000 0.003 94.354000
-589.089000 0.003 231.653000
124.192000 0.003 -70.890000
512.879000 0.003 -461.579000
-102.676000 0.003 379.350000
-47.925000 0.003 -720.408000
-342.985000 0.003 -256.018000
165.117000 0.003 -734.674000
578.535000 0.003 -41.193000
539.328000 0.003 -666.014000
336.199000 0.003 67.964000
-711.690000 0.003 -245.981000
61.053000 0.003 -146.811000
-730.633000 0.003 -182.167000
-68.232000 0.003 -250.887000
-614.711000 0.003 -489.823000
376.915000 0.003 -111.284000
-146.255000 0.003 276.728000
-238.439000 0.003 -647.493000
191.303000 0.003 100.295000
418.485000 0.003 -209.509000
-182.841000 0.003 386.980000
-510.092000 0.003 151.096000
-298.931000 0.003 -6.428000
492.079000 0.003 -353.687000
-161.872000 0.003 506.776000
-243.530000 0.003 376.028000
200.264000 0.003 -378.257000
-314.655000 0.003 -487.229000
-538.370000 0.003 -332.937000
-569.496000 0.003 -541.729000
-75.199000 0.003 -140.093000
467.057000 0.003 343.887000
299.579000 0.003 -167.037000
-557.124000 0.003 161.285000
-118.750000 0.003 205.103000
-17.391000 0.003 -392.615000
620.657000 0.003 124.395000
209.336000 0.003 396.084000
-195.881000 0.003 -6.840000
-255.470000 0.003 228.876000
-391.609000 0.003 394.688000
710.867000 0.003 -126.300000
-80.982000 0.003 1.696000
208.582000 0.003 56.122000
-131.266000 0.003 -56.730000
-620.393000 0.003 -230.990000
195.881000 0.003 -6.840000
54.052000 0.003 -132.391000
434.070000 0.003 -267.738000
546.483000 0.003 -261.902000
-236.676000 0.003 12.381000
-144.599000 0.003 -160.459000
-81.817000 0.003 -117.282000
0.000000 0.003 -690.000000
124.672000 0.003 -18.247000
-334.489000 0.003 -206.316000
249.144000 0.003 111.607000
-50.365000 0.003 -281.530000
316.632000 0.003 -756.402000
109.590000 0.003 17.638000
23.293000 0.003 -123.828000
-229.354000 0.003 -717.221000
-157.253000 0.003 -533.299000
-55.903000 0.003 -630.527000
-180.471000 0.003 -665.981000
142.705000 0.003 -445.712000
597.251000 0.003 102.599000
12.081000 0.003 -272.733000
437.026000 0.003 -343.721000
-688.713000 0.003 42.123000
494.882000 0.003 123.255000
473.651000 0.003 -117.467000
551.480000 0.003 70.754000
-291.077000 0.003 115.078000
-84.455000 0.003 -221.441000
-221.177000 0.003 136.678000
16.010000 0.003 -79.402000
-422.832000 0.003 66.312000
305.943000 0.003 327.265000
-312.317000 0.003 -20.666000
-651.329000 0.003 -118.381000
66.039000 0.003 -369.139000
508.347000 0.003 279.256000
-25.575000 0.003 -579.436000
-241.790000 0.003 95.592000
243.294000 0.003 150.346000
-576.784000 0.003 60.993000
-139.613000 0.003 -513.354000
364.255000 0.003 356.957000
-532.731000 0.003 -438.517000
153.935000 0.003 -770.779000
306.580000 0.003 153.811000
345.265000 0.003 -101.940000
-139.503000 0.003 -191.593000
-418.554000 0.003 -512.890000
-266.263000 0.003 164.539000
104.106000 0.003 70.978000
-231.220000 0.003 189.574000
-324.752000 0.003 221.326000
-478.561000 0.003 -283.047000
-155.745000 0.003 32.006000
168.257000 0.003 -840.321000
-539.328000 0.003 -666.014000
-213.876000 0.003 -329.706000
-660.841000 0.003 -198.466000
279.993000 0.003 299.506000
-141.320000 0.003 -104.903000
0.000000 0.003 -111.000000
-258.401000 0.003 28.789000
-30.097000 0.003 235.081000
-382.529000 0.003 -470.008000
47.666000 0.003 -356.830000
14.469000 0.003 236.558000
23.794000 0.003 271.961000
73.274000 0.003 -83.378000
-437.026000 0.003 -343.721000
254.845000 0.003 51.518000
-33.283000 0.003 -752.264000
-213.016000 0.003 190.841000
654.881000 0.003 -493.488000
319.005000 0.003 197.131000
182.788000 0.003 70.744000
-13.171000 0.003 125.310000
-47.028000 0.003 -529.917000
-60.532000 0.003 -93.042000
-194.689000 0.003 -22.635000
-454.812000 0.003 319.815000
-306.402000 0.003 -188.992000
86.512000 0.003 113.863000
-673.595000 0.003 -405.050000
206.036000 0.003 490.483000
-36.764000 0.003 -554.783000
-61.053000 0.003 -146.811000
-98.566000 0.003 103.604000
-66.637000 0.003 -602.325000
413.621000 0.003 -406.593000
343.049000 0.003 191.746000
640.430000 0.003 -396.053000
199.181000 0.003 -279.242000
-111.347000 0.003 -234.951000
465.435000 0.003 208.496000
583.946000 0.003 -161.998000
-150.065000 0.003 -91.960000
-39.089000 0.003 -137.554000
538.370000 0.003 -332.937000
-400.431000 0.003 200.896000
-249.795000 0.003 -139.279000
-572.656000 0.003 -92.004000
-170.145000 0.003 262.716000
146.255000 0.003 276.728000
49.411000 0.003 371.731000
-141.334000 0.003 218.231000
659.232000 0.003 -60.470000
-156.908000 0.003 177.620000
-177.407000 0.003 -83.322000
-520.166000 0.003 256.569000
-213.553000 0.003 209.275000
-506.863000 0.003 -379.182000
439.932000 0.003 -299.138000
406.384000 0.003 -596.771000
516.357000 0.003 -128.059000
177.556000 0.003 189.931000
-270.504000 0.003 -513.057000
-134.045000 0.003 -282.844000
416.622000 0.003 164.712000
-166.081000 0.003 -232.837000
-55.120000 0.003 -308.108000
-294.168000 0.003 -529.812000
79.399000 0.003 -97.836000
-29.354000 0.003 139.955000
375.040000 0.003 -279.945000
243.898000 0.003 -284.848000
-184.812000 0.003 -148.370000
300.443000 0.003 384.549000
677.488000 0.003 -249.588000
221.177000 0.003 136.678000
442.348000 0.003 152.814000
125.338000 0.003 12.903000
-314.292000 0.003 -401.647000
130.685000 0.003 -648.973000
300.251000 0.003 134.500000
-333.675000 0.003 298.939000
295.874000 0.003 -559.596000
102.676000 0.003 379.350000
-569.167000 0.003 111.572000
347.139000 0.003 -563.683000
60.403000 0.003 -337.640000
62.598000 0.003 279.065000
555.994000 0.003 -2.636000
414.638000 0.003 -750.016000
-41.242000 0.003 310.271000
-119.835000 0.003 -374.284000
-569.060000 0.003 -444.359000
607.246000 0.003 178.722000
121.459000 0.003 -33.521000
-145.464000 0.003 -588.282000
-431.147000 0.003 -387.959000
355.653000 0.003 55.777000
-191.580000 0.003 362.487000
101.171000 0.003 -122.660000
-46.534000 0.003 -100.775000
-582.424000 0.003 -477.275000
-573.534000 0.003 86.367000
-168.257000 0.003 -840.321000
-321.912000 0.003 -161.161000
45.787000 0.003 -255.937000
268.323000 0.003 -240.006000
221.363000 0.003 -181.092000
285.376000 0.003 -18.883000
-390.830000 0.003 292.226000
101.803000 0.003 -570.996000
-620.657000 0.003 124.395000
272.387000 0.003 18.286000
328.361000 0.003 245.518000
419.590000 0.003 -84.428000
22.568000 0.003 -509.500000
-527.524000 0.003 -492.953000
137.992000 0.003 235.557000
-184.262000 0.003 -235.475000
541.947000 0.003 -124.216000
260.996000 0.003 145.883000
-93.962000 0.003 -59.095000
-254.484000 0.003 -156.968000
279.304000 0.003 250.228000
150.065000 0.003 -91.960000
482.046000 0.003 166.528000
-60.889000 0.003 229.045000
204.489000 0.003 -199.951000
489.608000 0.003 -401.215000
-355.653000 0.003 55.777000
43.414000 0.003 102.158000
409.897000 0.003 9.200000
528.894000 0.003 -171.486000
-317.393000 0.003 -370.683000
-90.013000 0.003 -330.978000
468.474000 0.003 299.447000
121.220000 0.003 288.573000
-395.505000 0.003 -530.867000
391.609000 0.003 394.688000
-59.029000 0.003 444.094000
408.516000 0.003 228.339000
-567.417000 0.003 -212.776000
12.475000 0.003 285.728000
89.196000 0.003 502.140000
-321.778000 0.003 -610.376000
12.531000 0.003 95.179000
98.929000 0.003 -215.365000
418.554000 0.003 -512.890000
-29.371000 0.003 156.264000
-57.872000 0.003 -56.673000
-170.100000 0.003 -97.376000
-291.799000 0.003 -694.163000
495.538000 0.003 301.400000
74.854000 0.003 421.403000
-327.528000 0.003 -182.621000
324.752000 0.003 221.326000
-394.389000 0.003 323.354000
-231.658000 0.003 -50.036000
-16.357000 0.003 374.643000
26.060000 0.003 297.862000
248.144000 0.003 348.724000
213.432000 0.003 103.034000
-366.466000 0.003 183.855000
342.914000 0.003 7.696000
56.670000 0.003 -424.232000
68.862000 0.003 66.888000
54.022000 0.003 406.425000
-152.207000 0.003 -123.487000
-595.940000 0.003 -109.962000
-215.005000 0.003 -146.195000
685.416000 0.003 -79.404000
199.178000 0.003 -83.571000
95.503000 0.003 9.757000
-199.178000 0.003 -83.571000
83.718000 0.003 -627.439000
334.257000 0.003 327.561000
363.308000 0.003 388.628000
-43.562000 0.003 -326.103000
-407.479000 0.003 45.397000
-318.976000 0.003 126.108000
298.931000 0.003 -6.428000
409.378000 0.003 -631.996000
71.248000 0.003 -64.340000
142.912000 0.003 5.013000
-277.591000 0.003 -68.844000
-531.866000 0.003 11.937000
-441.155000 0.003 -415.474000
132.514000 0.003 -87.870000
527.524000 0.003 -492.953000
118.340000 0.003 43.263000
-570.000000 0.003 205.758000
179.143000 0.003 -800.192000
-625.322000 0.003 -98.295000
94.054000 0.003 347.497000
-335.182000 0.003 168.160000
545.227000 0.003 -566.148000
0.000000 0.003 -159.000000
173.717000 0.003 -295.756000
-217.871000 0.003 461.121000
227.852000 0.003 320.207000
441.155000 0.003 -415.474000
557.124000 0.003 161.285000
503.230000 0.003 -647.426000
-62.277000 0.003 -185.843000
-280.329000 0.003 56.670000
-34.252000 0.003 391.505000
-122.781000 0.003 28.300000
-296.068000 0.003 -592.105000
-56.670000 0.003 -424.232000
570.000000 0.003 205.758000
-295.874000 0.003 -559.596000
-710.867000 0.003 -126.300000
311.892000 0.003 -460.282000
-427.105000 0.003 191.326000
-408.633000 0.003 377.034000
-576.241000 0.003 -187.569000
-457.577000 0.003 -558.486000
61.195000 0.003 -552.622000
133.243000 0.003 492.287000
-64.300000 0.003 483.745000
103.253000 0.003 166.598000
-476.018000 0.003 -375.024000
-109.521000 0.003 -62.299000
-147.910000 0.003 401.630000
706.452000 0.003 -344.560000
-204.489000 0.003 -199.951000
-253.606000 0.003 -743.962000
273.377000 0.003 -152.428000
31.376000 0.003 358.630000
-60.786000 0.003 -687.317000
-229.573000 0.003 58.866000
126.882000 0.003 -565.951000
-381.312000 0.003 -767.496000
-295.389000 0.003 46.326000
-688.250000 0.003 -49.106000
-11.341000 0.003 259.753000
90.886000 0.003 -87.268000
-168.978000 0.003 -49.218000
-706.452000 0.003 -344.560000
392.909000 0.003 -8.449000
-203.847000 0.003 314.756000
592.151000 0.003 128.815000
-148.484000 0.003 464.862000
213.700000 0.003 250.147000
116.441000 0.003 519.101000
72.202000 0.003 -403.592000
-140.515000 0.003 -74.409000
111.347000 0.003 -234.951000
-257.788000 0.003 440.052000
152.207000 0.003 -123.487000
234.238000 0.003 250.562000
317.728000 0.003 -718.919000
-36.243000 0.003 -408.395000
348.820000 0.003 -312.008000
-501.640000 0.003 -239.778000
138.319000 0.003 36.287000
-451.439000 0.003 364.147000
-124.875000 0.003 124.025000
-78.894000 0.003 -440.999000
-21.286000 0.003 487.536000
538.256000 0.003 -385.388000
-86.512000 0.003 113.863000
130.508000 0.003 -407.617000
160.072000 0.003 204.883000
130.345000 0.003 -146.377000
-209.659000 0.003 -657.376000
-348.573000 0.003 -372.286000
-98.411000 0.003 -361.857000
-303.987000 0.003 355.832000
614.197000 0.003 -153.137000
507.184000 0.003 -331.662000
-379.567000 0.003 -614.177000
150.983000 0.003 -211.670000
275.816000 0.003 353.029000
-127.739000 0.003 -241.271000
382.529000 0.003 -470.008000
-128.723000 0.003 147.805000
-332.915000 0.003 -82.564000
327.010000 0.003 -36.127000
111.370000 0.003 -623.126000
226.896000 0.003 -386.293000
-256.900000 0.003 -40.033000
-265.969000 0.003 105.151000
192.518000 0.003 -97.942000
-192.225000 0.003 -38.282000
590.516000 0.003 -136.112000
236.977000 0.003 -3.313000
-246.052000 0.003 -262.790000
579.915000 0.003 9.938000
79.037000 0.003 54.490000
-108.045000 0.003 -812.851000
253.606000 0.003 -743.962000
139.613000 0.003 -513.354000
-160.450000 0.003 112.568000
-119.403000 0.003 -594.120000
127.739000 0.003 -241.271000
223.794000 0.003 -218.827000
-106.090000 0.003 -188.151000
-166.038000 0.003 58.372000
79.029000 0.003 -351.218000
-393.116000 0.003 116.446000
373.822000 0.003 411.574000
-116.368000 0.003 157.716000
-99.589000 0.003 -746.385000
45.593000 0.003 232.573000
123.227000 0.003 -100.479000
142.930000 0.003 -707.711000
-45.593000 0.003 232.573000
278.005000 0.003 325.419000
176.135000 0.003 -125.030000
87.122000 0.003 133.006000
374.298000 0.003 -579.656000
603.307000 0.003 -57.072000
-195.917000 0.003 -302.021000
50.365000 0.003 -281.530000
584.148000 0.003 -575.474000
-511.239000 0.003 325.378000
-227.086000 0.003 -126.617000
-344.139000 0.003 -531.279000
365.599000 0.003 -144.174000
609.592000 0.003 -258.151000
-244.116000 0.003 -122.214000
687.185000 0.003 -307.873000
646.383000 0.003 142.943000
-51.608000 0.003 -784.304000
85.955000 0.003 317.573000
191.791000 0.003 40.398000
525.656000 0.003 -81.913000
-331.887000 0.003 -446.079000
-348.905000 0.003 -704.316000
-228.027000 0.003 431.448000
-323.753000 0.003 -645.343000
-91.031000 0.003 -683.969000
-235.416000 0.003 -682.542000
-236.558000 0.003 403.812000
82.568000 0.003 -155.430000
-67.527000 0.003 -505.510000
-555.994000 0.003 -2.636000
-456.042000 0.003 -228.311000
131.204000 0.003 -846.897000
133.639000 0.003 252.857000
31.550000 0.003 -193.444000
-127.732000 0.003 270.343000
-506.916000 0.003 -56.003000
177.407000 0.003 -83.322000
521.452000 0.003 105.414000
-7.810000 0.003 -175.827000
102.738000 0.003 -456.584000
103.329000 0.003 280.578000
-194.214000 0.003 227.337000
-409.105000 0.003 -27.070000
-68.507000 0.003 305.411000
-622.299000 0.003 -423.973000
56.766000 0.003 77.419000
184.262000 0.003 -235.475000
117.569000 0.003 -432.298000
-661.444000 0.003 27.138000
-227.834000 0.003 -480.745000
318.976000 0.003 126.108000
440.788000 0.003 -493.913000
135.380000 0.003 112.464000
55.448000 0.003 59.046000
338.910000 0.003 -52.812000
506.916000 0.003 -56.003000
202.749000 0.003 -259.102000
114.101000 0.003 357.220000
214.545000 0.003 25.031000
-685.416000 0.003 -79.404000
122.270000 0.003 451.745000
-155.468000 0.003 240.054000
91.172000 0.003 -284.761000
-221.752000 0.003 -563.970000
-555.569000 0.003 21.886000
-158.787000 0.003 378.003000
-133.243000 0.003 492.287000
-125.338000 0.003 12.903000
290.137000 0.003 72.261000
297.192000 0.003 -32.833000
116.625000 0.003 246.835000
44.600000 0.003 152.617000
164.800000 0.003 139.631000
-374.906000 0.003 8.414000
130.013000 0.003 -351.741000
547.617000 0.003 -191.090000
-316.243000 0.003 457.303000
34.258000 0.003 257.733000
-655.920000 0.003 -89.513000
-419.590000 0.003 -84.428000
-354.569000 0.003 -122.088000
543.100000 0.003 119.072000
254.484000 0.003 -156.968000
204.767000 0.003 -68.751000
-314.243000 0.003 175.645000
715.762000 0.003 -94.706000
-516.357000 0.003 -128.059000
147.910000 0.003 401.630000
217.764000 0.003 -305.293000
-530.496000 0.003 166.464000
-118.099000 0.003 -156.424000
89.615000 0.003 196.533000
681.248000 0.003 -109.547000
-56.766000 0.003 77.419000
369.902000 0.003 -415.100000
-351.420000 0.003 -175.934000
285.941000 0.003 -732.143000
57.643000 0.003 94.859000
-106.810000 0.003 476.168000
-381.284000 0.003 150.741000
300.330000 0.003 224.559000
-208.582000 0.003 56.122000
381.350000 0.003 94.979000
628.882000 0.003 -283.915000
-272.937000 0.003 -5.869000
-44.449000 0.003 508.059000
27.979000 0.003 -632.381000
268.123000 0.003 -262.173000
-188.995000 0.003 449.916000
256.900000 0.003 -40.033000
-40.789000 0.003 466.219000
-160.273000 0.003 303.252000
558.241000 0.003 -600.639000
254.419000 0.003 208.595000
-445.245000 0.003 49.605000
-381.105000 0.003 235.506000
259.935000 0.003 5.834000
-309.268000 0.003 -48.193000
-91.380000 0.003 -173.395000
445.562000 0.003 -199.043000
-174.120000 0.003 -700.690000
38.424000 0.003 -119.998000
602.951000 0.003 -451.065000
23.206000 0.003 531.494000
-43.138000 0.003 -486.090000
-141.739000 0.003 -135.374000
209.254000 0.003 -53.561000
-132.839000 0.003 316.232000
139.503000 0.003 -191.593000
-677.488000 0.003 -249.588000
-482.634000 0.003 -453.109000
87.006000 0.003 40.571000
145.464000 0.003 -588.282000
-124.410000 0.003 337.820000
-191.303000 0.003 100.295000
-119.592000 0.003 -179.871000
489.126000 0.003 -144.415000
-72.202000 0.003 -403.592000
171.242000 0.003 -581.302000
16.357000 0.003 374.643000
600.206000 0.003 -83.598000
-15.640000 0.003 -158.229000
-495.538000 0.003 301.400000
62.962000 0.003 354.451000
122.088000 0.003 101.860000
-7.804000 0.003 -125.758000
-537.321000 0.003 142.907000
13.171000 0.003 125.310000
320.319000 0.003 -545.971000
-151.842000 0.003 47.171000
-283.641000 0.003 -192.865000
-37.303000 0.003 426.371000
-279.765000 0.003 140.358000
215.899000 0.003 -6.596000
119.403000 0.003 -594.120000
-40.034000 0.003 -604.676000
-285.376000 0.003 -18.883000
-126.968000 0.003 65.788000
525.078000 0.003 302.537000
-681.248000 0.003 -109.547000
174.589000 0.003 127.179000
-277.186000 0.003 -810.936000
98.566000 0.003 103.604000
-481.853000 0.003 -537.682000
352.926000 0.003 -71.014000
66.025000 0.003 46.922000
292.919000 0.003 -262.007000
390.600000 0.003 174.973000
0.000000 0.003 -410.000000
183.440000 0.003 114.044000
122.482000 0.003 -258.446000
-397.945000 0.003 -98.692000
-45.194000 0.003 340.010000
166.036000 0.003 -394.482000
359.192000 0.003 24.113000
44.642000 0.003 135.853000
-584.148000 0.003 -575.474000
83.507000 0.003 94.354000
141.482000 0.003 20.778000
578.512000 0.003 180.444000
-161.733000 0.003 439.166000
546.897000 0.003 -100.196000
448.845000 0.003 -132.522000
260.832000 0.003 -706.382000
-47.067000 0.003 -190.265000
145.232000 0.003 345.735000
144.849000 0.003 -246.607000
-196.688000 0.003 -573.193000
-13.186000 0.003 215.597000
-118.919000 0.003 -321.726000
15.640000 0.003 -158.229000
358.659000 0.003 160.664000
203.908000 0.003 71.256000
523.128000 0.003 -356.408000
-280.017000 0.003 -172.717000
-83.244000 0.003 -259.999000
242.261000 0.003 -198.188000
91.031000 0.003 -683.969000
411.381000 0.003 -481.098000
-79.770000 0.003 -717.580000
74.972000 0.003 202.572000
530.973000 0.003 233.382000
-208.991000 0.003 -440.984000
-28.201000 0.003 91.764000
-60.225000 0.003 186.518000
233.836000 0.003 273.717000
373.600000 0.003 208.823000
295.686000 0.003 415.536000
-28.283000 0.003 107.336000
511.239000 0.003 325.378000
-107.596000 0.003 -395.630000
31.518000 0.003 -90.678000
139.657000 0.003 -331.807000
227.837000 0.003 -65.262000
73.957000 0.003 159.707000
81.850000 0.003 460.787000
-463.651000 0.003 -348.464000
47.145000 0.003 -210.792000
168.322000 0.003 166.844000
100.048000 0.003 48.078000
349.632000 0.003 -741.726000
68.353000 0.003 -125.606000
-452.562000 0.003 279.664000
-608.923000 0.003 -549.193000
317.393000 0.003 -370.683000
99.157000 0.003 -268.261000
395.505000 0.003 -530.867000
-461.413000 0.003 -158.877000
235.416000 0.003 -682.542000
121.490000 0.003 229.870000
-250.676000 0.003 187.432000
-448.845000 0.003 -132.522000
-124.192000 0.003 -70.890000
294.168000 0.003 -529.812000
655.211000 0.003 -434.159000
-588.549000 0.003 -233.023000
109.521000 0.003 -62.299000
312.317000 0.003 -20.666000
-489.367000 0.003 -572.301000
-7.849000 0.003 -236.870000
0.000000 0.003 -96.000000
478.566000 0.003 -327.681000
-715.762000 0.003 -94.706000
-69.611000 0.003 -226.546000
-39.590000 0.003 -296.367000
46.534000 0.003 -100.775000
461.413000 0.003 -158.877000
-226.250000 0.003 -507.885000
-467.892000 0.003 -10.061000
-68.862000 0.003 66.888000
-14.469000 0.003 236.558000
-555.511000 0.003 -166.757000
207.650000 0.003 -353.527000
-256.091000 0.003 273.939000
146.893000 0.003 -309.954000
487.877000 0.003 10.950000
15.930000 0.003 -359.647000
100.978000 0.003 -75.362000
-336.199000 0.003 67.964000
116.383000 0.003 -48.280000
-102.738000 0.003 -456.584000
120.034000 0.003 -776.780000
-505.184000 0.003 -515.823000
-239.609000 0.003 -178.854000
139.904000 0.003 -264.249000
-15.985000 0.003 -721.823000
131.266000 0.003 -56.730000
151.134000 0.003 257.991000
91.380000 0.003 -173.395000
267.366000 0.003 -133.853000
-291.291000 0.003 -473.588000
-103.329000 0.003 280.578000
342.252000 0.003 -22.647000
423.592000 0.003 -145.855000
-31.518000 0.003 -90.678000
-12.263000 0.003 -555.865000
-27.979000 0.003 -632.381000
-28.674000 0.003 327.748000
490.578000 0.003 -261.667000
81.817000 0.003 -117.282000
620.366000 0.003 -125.839000
403.547000 0.003 -274.397000
408.697000 0.003 -305.068000
-425.412000 0.003 -46.999000
190.746000 0.003 268.061000
15.951000 0.003 -109.848000
-241.319000 0.003 -822.323000
-95.794000 0.003 -6.279000
601.425000 0.003 -338.213000
223.017000 0.003 -80.201000
366.466000 0.003 183.855000
315.534000 0.003 -93.162000
465.170000 0.003 -51.391000
158.997000 0.003 0.895000
184.812000 0.003 -148.370000
-656.472000 0.003 85.373000
-253.133000 0.003 495.035000
584.446000 0.003 -310.913000
-31.129000 0.003 -155.923000
570.151000 0.003 -336.410000
-222.857000 0.003 -199.338000
-238.633000 0.003 -450.727000
-319.867000 0.003 -341.627000
-87.826000 0.003 152.521000
139.668000 0.003 75.986000
-61.966000 0.003 -463.879000
415.132000 0.003 256.534000
-203.478000 0.003 -182.005000
198.648000 0.003 339.099000
277.549000 0.003 -427.862000
-288.409000 0.003 -368.570000
72.935000 0.003 -657.970000
-208.529000 0.003 515.414000
-352.926000 0.003 -71.014000
-467.904000 0.003 138.599000
374.906000 0.003 8.414000
-375.040000 0.003 -279.945000
-154.125000 0.003 151.332000
348.735000 0.003 137.873000
-110.764000 0.003 263.680000
319.006000 0.003 -285.340000
314.243000 0.003 175.645000
131.516000 0.003 89.356000
-93.687000 0.003 -523.686000
255.632000 0.003 128.250000
357.823000 0.003 -39.532000
346.751000 0.003 -283.668000
478.561000 0.003 -283.047000
482.181000 0.003 -75.138000
0.000000 0.003 -633.000000
-427.039000 0.003 28.668000
348.779000 0.003 215.530000
-546.483000 0.003 -261.902000
12.263000 0.003 -555.865000
192.804000 0.003 -602.923000
327.528000 0.003 -182.621000
-138.803000 0.003 -617.594000
-15.828000 0.003 -215.419000
-324.313000 0.003 -111.670000
34.252000 0.003 391.505000
-328.875000 0.003 97.417000
-399.492000 0.003 -562.589000
603.965000 0.003 49.623000
361.910000 0.003 296.724000
25.282000 0.003 -284.880000
-59.384000 0.003 130.087000
274.702000 0.003 205.397000
-68.733000 0.003 386.943000
614.711000 0.003 -489.823000
-507.184000 0.003 -331.662000
-131.462000 0.003 -117.021000
37.684000 0.003 283.506000
261.129000 0.003 -116.652000
-440.266000 0.003 339.561000
-546.897000 0.003 -100.196000
128.723000 0.003 147.805000
264.907000 0.003 65.978000
639.443000 0.003 171.338000
-445.178000 0.003 248.831000
540.748000 0.003 209.742000
-186.452000 0.003 287.897000
-274.702000 0.003 205.397000
69.611000 0.003 -226.546000
110.764000 0.003 263.680000
322.196000 0.003 -680.587000
-90.142000 0.003 -243.874000
335.182000 0.003 168.160000
-31.570000 0.003 -106.416000
-512.879000 0.003 -461.579000
385.278000 0.003 -77.523000
520.719000 0.003 -408.773000
-132.514000 0.003 -87.870000
432.243000 0.003 -462.444000
217.871000 0.003 461.121000
328.261000 0.003 22.037000
629.985000 0.003 -203.377000
-381.350000 0.003 94.979000
-98.055000 0.003 437.137000
-100.048000 0.003 48.078000
99.783000 0.003 123.791000
55.120000 0.003 -308.108000
-95.503000 0.003 9.757000
408.633000 0.003 377.034000
157.627000 0.003 -78.292000
572.656000 0.003 -92.004000
-75.918000 0.003 224.512000
124.875000 0.003 124.025000
-597.251000 0.003 102.599000
-547.617000 0.003 -191.090000
-254.419000 0.003 208.595000
-305.688000 0.003 299.564000
-153.942000 0.003 -290.763000
389.714000 0.003 -498.811000
-68.353000 0.003 -125.606000
116.368000 0.003 157.716000
-177.556000 0.003 189.931000
-200.264000 0.003 -378.257000
15.985000 0.003 -721.823000
186.013000 0.003 -217.244000
-12.566000 0.003 110.286000
-225.173000 0.003 73.935000
36.243000 0.003 -408.395000
174.120000 0.003 -700.690000
-98.929000 0.003 -215.365000
-492.549000 0.003 -306.260000
-255.271000 0.003 298.807000
173.353000 0.003 243.618000
-601.192000 0.003 76.185000
175.548000 0.003 12.610000
-33.149000 0.003 -373.532000
-249.293000 0.003 73.844000
-153.117000 0.003 86.783000
166.298000 0.003 283.876000
13.186000 0.003 215.597000
280.690000 0.003 275.067000
339.668000 0.003 -501.858000
309.268000 0.003 -48.193000
186.452000 0.003 287.897000
75.199000 0.003 -140.093000
118.750000 0.003 205.103000
-352.005000 0.003 -630.378000
153.117000 0.003 86.783000
-53.815000 0.003 -167.571000
-12.671000 0.003 80.003000
238.088000 0.003 -333.787000
-270.418000 0.003 -93.112000
208.529000 0.003 515.414000
-166.036000 0.003 -394.482000
-322.196000 0.003 -680.587000
-620.366000 0.003 -125.839000
245.297000 0.003 -583.539000
-144.849000 0.003 -246.607000
305.688000 0.003 299.564000
59.396000 0.003 147.489000
638.457000 0.003 -337.130000
651.448000 0.003 -227.410000
467.904000 0.003 138.599000
203.847000 0.003 314.756000
661.997000 0.003 -2.088000
-306.580000 0.003 153.811000
-88.423000 0.003 -37.382000
-328.261000 0.003 22.037000
291.783000 0.003 180.310000
-311.075000 0.003 34.657000
528.652000 0.003 -238.594000
-356.358000 0.003 -457.612000
-267.366000 0.003 -133.853000
-554.745000 0.003 -361.251000
577.674000 0.003 -258.809000
292.528000 0.003 -312.428000
-652.756000 0.003 -308.535000
-348.377000 0.003 -595.595000
-381.043000 0.003 -649.473000
-405.111000 0.003 -63.128000
33.283000 0.003 -752.264000
-13.672000 0.003 195.523000
-89.615000 0.003 196.533000
158.523000 0.003 -269.888000
31.129000 0.003 -155.923000
-311.892000 0.003 -460.282000
547.823000 0.003 95.005000
-657.310000 0.003 -367.358000
-272.873000 0.003 122.236000
-427.901000 0.003 -9.201000
287.183000 0.003 160.520000
493.600000 0.003 -611.682000
595.940000 0.003 -109.962000
-173.504000 0.003 413.038000
-396.239000 0.003 354.991000
534.413000 0.003 -285.725000
-176.079000 0.003 225.371000
-218.773000 0.003 -163.301000
-59.396000 0.003 147.489000
-79.720000 0.003 -14.344000
-376.915000 0.003 -111.284000
-474.442000 0.003 -187.096000
-62.465000 0.003 -206.771000
-482.181000 0.003 -75.138000
-143.734000 0.003 -807.305000
578.913000 0.003 35.500000
-370.469000 0.003 -251.906000
44.558000 0.003 211.354000
-23.370000 0.003 -174.442000
-339.668000 0.003 -501.858000
140.548000 0.003 297.468000
132.452000 0.003 -170.624000
-101.004000 0.003 144.132000
285.928000 0.003 6.417000
502.166000 0.003 -431.362000
336.102000 0.003 442.912000
396.239000 0.003 354.991000
0.000000 0.003 -286.000000
178.997000 0.003 155.335000
266.263000 0.003 164.539000
-315.534000 0.003 -93.162000
43.818000 0.003 -660.548000
257.788000 0.003 440.052000
-554.063000 0.003 46.365000
447.887000 0.003 10.052000
-66.694000 0.003 -106.902000
-484.999000 0.003 54.034000
-158.138000 0.003 16.531000
-194.427000 0.003 24.780000
-167.889000 0.003 355.334000
585.900000 0.003 154.779000
181.554000 0.003 -431.349000
401.871000 0.003 81.240000
-249.144000 0.003 111.607000
266.756000 0.003 -636.350000
45.529000 0.003 -66.994000
-410.482000 0.003 -121.195000
514.185000 0.003 -550.111000
-214.206000 0.003 -791.528000
510.092000 0.003 151.096000
-661.997000 0.003 -2.088000
163.949000 0.003 -64.007000
-402.866000 0.003 -452.697000
-319.006000 0.003 -285.340000
105.918000 0.003 33.202000
-62.962000 0.003 354.451000
-85.938000 0.003 -480.373000
-398.323000 0.003 -245.689000
126.968000 0.003 65.788000
-52.036000 0.003 -389.540000
550.784000 0.003 -75.980000
-272.387000 0.003 18.286000
-133.639000 0.003 252.857000
258.037000 0.003 89.141000
348.573000 0.003 -372.286000
-55.448000 0.003 59.046000
-605.235000 0.003 -30.435000
-99.783000 0.003 123.791000
-372.694000 0.003 41.522000
84.495000 0.003 -71.983000
151.714000 0.003 -559.806000
-513.765000 0.003 212.560000
-690.686000 0.003 -375.165000
298.329000 0.003 20.027000
-38.745000 0.003 -171.682000
-23.206000 0.003 531.494000
204.360000 0.003 -218.262000
-346.010000 0.003 -404.105000
247.618000 0.003 -524.486000
40.789000 0.003 466.219000
-160.597000 0.003 -338.871000
-550.784000 0.003 -75.980000
-358.659000 0.003 160.664000
86.273000 0.003 -383.413000
-447.022000 0.003 -29.579000
-215.802000 0.003 9.242000
598.273000 0.003 -206.781000
-408.697000 0.003 -305.068000
-299.579000 0.003 -167.037000
-471.395000 0.003 -422.464000
253.133000 0.003 495.035000
569.292000 0.003 -389.881000
-271.349000 0.003 -29.978000
203.632000 0.003 -517.368000
-151.714000 0.003 -559.806000
-230.873000 0.003 295.504000
109.773000 0.003 -342.856000
-111.459000 0.003 -713.345000
605.988000 0.003 -3.739000
-408.516000 0.003 228.339000
398.159000 0.003 -157.014000
394.389000 0.003 323.354000
-198.139000 0.003 86.006000
-293.148000 0.003 -286.643000
-145.232000 0.003 345.735000
110.987000 0.003 1.707000
421.443000 0.003 -362.659000
101.004000 0.003 144.132000
194.983000 0.003 191.077000
459.032000 0.003 -395.633000
-475.512000 0.003 238.564000
154.125000 0.003 151.332000
478.828000 0.003 -710.755000
-120.034000 0.003 -776.780000
92.017000 0.003 -195.420000
-503.842000 0.003 79.017000
108.724000 0.003 -138.402000
351.420000 0.003 -175.934000
227.086000 0.003 -126.617000
-306.794000 0.003 62.020000
62.277000 0.003 -185.843000
-93.412000 0.003 -22.139000
-124.672000 0.003 -18.247000
106.810000 0.003 476.168000
-30.320000 0.003 -341.657000
-178.997000 0.003 155.335000
222.857000 0.003 -199.338000
555.569000 0.003 21.886000
431.147000 0.003 -387.959000
-615.752000 0.003 -311.367000
-348.779000 0.003 215.530000
445.178000 0.003 248.831000
-646.383000 0.003 142.943000
552.560000 0.003 -308.815000
293.148000 0.003 -286.643000
194.214000 0.003 227.337000
94.344000 0.003 256.180000
169.103000 0.003 -197.495000
-12.475000 0.003 285.728000
-27.668000 0.003 -311.775000
-36.108000 0.003 -819.205000
12.566000 0.003 110.286000
-499.979000 0.003 -100.603000
-87.122000 0.003 133.006000
-286.762000 0.003 -84.667000
249.293000 0.003 73.844000
237.390000 0.003 -106.048000
111.958000 0.003 -497.559000
409.105000 0.003 -27.070000
-442.658000 0.003 -68.979000
-290.137000 0.003 72.261000
-235.338000 0.003 28.022000
-71.201000 0.003 103.954000
-100.694000 0.003 239.710000
-120.568000 0.003 -128.216000
665.775000 0.003 -279.335000
427.105000 0.003 191.326000
-528.729000 0.003 58.906000
-320.318000 0.003 -313.210000
-442.348000 0.003 152.814000
-79.037000 0.003 54.490000
-287.183000 0.003 160.520000
-543.100000 0.003 119.072000
348.905000 0.003 -704.316000
245.835000 0.003 -84.648000
144.805000 0.003 187.618000
36.108000 0.003 -819.205000
-570.151000 0.003 -336.410000
-560.381000 0.003 230.672000
-14.559000 0.003 -328.678000
223.086000 0.003 -260.541000
0.000000 0.003 -260.000000
59.029000 0.003 444.094000
689.901000 0.003 11.717000
661.444000 0.003 27.138000
-558.241000 0.003 -600.639000
-269.641000 0.003 -604.597000
-248.587000 0.003 470.349000
80.966000 0.003 -51.581000
41.242000 0.003 310.271000
221.752000 0.003 -563.970000
109.650000 0.003 -545.081000
175.015000 0.003 -18.596000
-204.767000 0.003 -68.751000
161.872000 0.003 506.776000
-94.054000 0.003 347.497000
-47.746000 0.003 268.792000
67.527000 0.003 -505.510000
-562.323000 0.003 -142.100000
-464.653000 0.003 -259.078000
255.470000 0.003 228.876000
238.633000 0.003 -450.727000
204.985000 0.003 -832.124000
447.164000 0.003 -731.091000
-519.912000 0.003 -589.481000
-609.592000 0.003 -258.151000
-409.378000 0.003 -631.996000
520.816000 0.003 -194.644000
-45.529000 0.003 -66.994000
-165.966000 0.003 -610.855000
404.541000 0.003 139.753000
-279.993000 0.003 299.506000
267.636000 0.003 -53.852000
631.657000 0.003 41.216000
-151.134000 0.003 257.991000
-155.322000 0.003 -420.213000
-141.482000 0.003 20.778000
-590.516000 0.003 -136.112000
331.887000 0.003 -446.079000
261.826000 0.003 -77.304000
-392.909000 0.003 -8.449000
258.832000 0.003 -175.997000
-13.353000 0.003 -605.853000
-197.428000 0.003 -726.657000
-187.417000 0.003 -634.916000
-94.344000 0.003 256.180000
42.683000 0.003 68.841000
-606.134000 0.003 -392.282000
-292.528000 0.003 -312.428000
-704.579000 0.003 -157.646000
121.099000 0.003 -679.290000
279.765000 0.003 140.358000
-349.632000 0.003 -741.726000
-181.760000 0.003 -254.818000
-297.483000 0.003 202.741000
-73.616000 0.003 140.931000
187.903000 0.003 55.753000
113.697000 0.003 308.730000
-38.424000 0.003 -119.998000
319.247000 0.003 79.512000
-343.049000 0.003 191.746000
-579.915000 0.003 9.938000
-217.219000 0.003 -94.789000
-313.172000 0.003 -139.901000
-330.977000 0.003 271.363000
278.392000 0.003 228.250000
138.803000 0.003 -617.594000
-111.820000 0.003 413.135000
-168.322000 0.003 166.844000
192.702000 0.003 246.647000
-176.478000 0.003 85.273000
-116.625000 0.003 246.835000
-203.632000 0.003 -517.368000
-291.783000 0.003 180.310000
-175.548000 0.003 12.610000
105.906000 0.003 -251.620000
-274.718000 0.003 483.390000
-317.226000 0.003 -516.337000
160.273000 0.003 303.252000
563.694000 0.003 136.561000
43.516000 0.003 118.247000
632.515000 0.003 -521.847000
282.590000 0.003 -44.036000
-204.969000 0.003 -692.295000
-31.389000 0.003 -74.671000
-300.330000 0.003 224.559000
-160.209000 0.003 72.864000
176.478000 0.003 85.273000
-306.062000 0.003 -120.695000
-51.100000 0.003 -577.745000
45.194000 0.003 340.010000
167.889000 0.003 355.334000
141.739000 0.003 -135.374000
143.734000 0.003 -807.305000
-209.336000 0.003 396.084000
173.738000 0.003 28.126000
690.686000 0.003 -375.165000
-77.080000 0.003 -180.207000
578.274000 0.003 257.464000
-44.967000 0.003 190.772000
36.147000 0.003 -270.596000
90.614000 0.003 218.993000
47.028000 0.003 -529.917000
-607.246000 0.003 178.722000
263.759000 0.003 -337.069000
-147.152000 0.003 -60.226000
-105.083000 0.003 -165.450000
-376.190000 0.003 -441.454000
-327.010000 0.003 -36.127000
220.785000 0.003 -754.354000
-65.638000 0.003 -291.706000
-493.600000 0.003 -611.682000
-115.596000 0.003 -84.182000
711.690000 0.003 -245.981000
245.244000 0.003 -239.801000
79.720000 0.003 -14.344000
-417.600000 0.003 402.504000
-585.900000 0.003 154.779000
-236.505000 0.003 -160.815000
-284.241000 0.003 31.668000
-74.854000 0.003 421.403000
-432.405000 0.003 -578.196000
-121.459000 0.003 -33.521000
553.599000 0.003 -51.617000
51.608000 0.003 -784.304000
-245.297000 0.003 -583.539000
-223.086000 0.003 -260.541000
-77.449000 0.003 -201.637000
-270.539000 0.003 -542.259000
-243.898000 0.003 -284.848000
-374.298000 0.003 -579.656000
-622.906000 0.003 -365.064000
0.000000 0.003 -580.000000
90.142000 0.003 -243.874000
73.616000 0.003 140.931000
-246.385000 0.003 -553.652000
7.804000 0.003 -125.758000
17.884000 0.003 409.610000
-181.554000 0.003 -431.349000
-312.520000 0.003 -797.985000
-565.669000 0.003 -284.090000
-328.542000 0.003 147.174000
632.861000 0.003 13.257000
423.908000 0.003 -544.428000
588.549000 0.003 -233.023000
358.795000 0.003 268.273000
-132.452000 0.003 -170.624000
208.229000 0.003 155.694000
-319.005000 0.003 197.131000
-23.512000 0.003 -235.831000
-152.363000 0.003 -45.459000
-146.893000 0.003 -309.954000
-429.551000 0.003 127.239000
280.329000 0.003 56.670000
271.335000 0.003 381.315000
-137.992000 0.003 235.557000
31.389000 0.003 -74.671000
14.961000 0.003 342.674000
-242.190000 0.003 -309.505000
-104.365000 0.003 326.737000
-357.823000 0.003 -39.532000
312.520000 0.003 -797.985000
111.820000 0.003 413.135000
283.383000 0.003 -397.288000
-540.748000 0.003 209.742000
126.514000 0.003 -200.408000
-15.930000 0.003 -359.647000
286.762000 0.003 -84.667000
183.888000 0.003 -347.325000
-342.914000 0.003 7.696000
52.036000 0.003 -389.540000
-226.896000 0.003 -386.293000
22.983000 0.003 -258.982000
569.060000 0.003 -444.359000
124.751000 0.003 390.560000
67.932000 0.003 -44.116000
444.315000 0.003 -689.191000
316.243000 0.003 457.303000
-367.285000 0.003 -515.549000
-485.736000 0.003 -216.990000
-29.312000 0.003 173.542000
295.947000 0.003 -101.903000
335.833000 0.003 -472.881000
-138.319000 0.003 36.287000
-185.899000 0.003 -181.773000
297.483000 0.003 202.741000
-588.173000 0.003 -418.731000
-224.250000 0.003 -534.894000
57.540000 0.003 323.929000
-44.558000 0.003 211.354000
513.765000 0.003 212.560000
-549.673000 0.003 255.138000
141.320000 0.003 -104.903000
236.558000 0.003 403.812000
30.320000 0.003 -341.657000
-75.089000 0.003 181.046000
445.245000 0.003 49.605000
-207.650000 0.003 -353.527000
520.166000 0.003 256.569000
100.694000 0.003 239.710000
-659.232000 0.003 -60.470000
28.562000 0.003 122.720000
-72.224000 0.003 -320.975000
390.830000 0.003 292.226000
232.355000 0.003 -143.319000
214.206000 0.003 -791.528000
-72.147000 0.003 -816.820000
397.945000 0.003 -98.692000
36.764000 0.003 -554.783000
-186.013000 0.003 -217.244000
-99.157000 0.003 -268.261000
-54.052000 0.003 -132.391000
359.917000 0.003 -7.740000
555.511000 0.003 -166.757000
-325.027000 0.003 50.974000
-421.443000 0.003 -362.659000
236.238000 0.003 -18.994000
280.017000 0.003 -172.717000
-213.751000 0.003 228.647000
-166.499000 0.003 -137.601000
374.182000 0.003 -24.759000
124.410000 0.003 337.820000
-25.282000 0.003 -284.880000
28.950000 0.003 214.051000
-23.293000 0.003 -123.828000
150.837000 0.003 125.157000
291.799000 0.003 -694.163000
452.261000 0.003 -442.887000
413.536000 0.003 -708.087000
-111.370000 0.003 -623.126000
-401.871000 0.003 81.240000
-184.445000 0.003 -499.003000
-530.973000 0.003 233.382000
325.027000 0.003 50.974000
-377.711000 0.003 -308.996000
451.439000 0.003 364.147000
203.478000 0.003 -182.005000
204.969000 0.003 -692.295000
119.592000 0.003 -179.871000
-268.323000 0.003 -240.006000
-447.835000 0.003 -368.570000
-489.126000 0.003 -144.415000
95.794000 0.003 -6.279000
-584.446000 0.003 -310.913000
659.601000 0.003 56.310000
13.231000 0.003 -298.707000
-159.207000 0.003 -642.571000
272.873000 0.003 122.236000
222.873000 0.003 344.133000
243.530000 0.003 376.028000
672.905000 0.003 -337.946000
-303.911000 0.003 249.172000
323.753000 0.003 -645.343000
-614.197000 0.003 -153.137000
108.518000 0.003 -293.586000
730.633000 0.003 -182.167000
-76.526000 0.003 -574.929000
426.069000 0.003 318.574000
-100.320000 0.003 -313.332000
-389.714000 0.003 -498.811000
-130.685000 0.003 -648.973000
105.083000 0.003 -165.450000
-348.820000 0.003 -312.008000
161.682000 0.003 -110.793000
409.041000 0.003 -182.728000
88.615000 0.003 -132.017000
-348.735000 0.003 137.873000
505.184000 0.003 -515.823000
434.943000 0.003 383.699000
93.412000 0.003 -22.139000
481.853000 0.003 -537.682000
-224.864000 0.003 -240.161000
417.600000 0.003 402.504000
120.568000 0.003 -128.216000
15.982000 0.003 -94.660000
184.445000 0.003 -499.003000
160.450000 0.003 112.568000
-345.265000 0.003 -101.940000
631.559000 0.003 -42.686000
-79.029000 0.003 -351.218000
39.602000 0.003 -446.246000
-233.126000 0.003 208.857000
415.313000 0.003 103.438000
-478.828000 0.003 -710.755000
295.768000 0.003 470.805000
-421.434000 0.003 287.217000
153.942000 0.003 -290.763000
356.358000 0.003 -457.612000
-155.969000 0.003 -149.432000
-155.512000 0.003 -485.712000
225.173000 0.003 73.935000
185.597000 0.003 524.109000
306.402000 0.003 -188.992000
-85.955000 0.003 317.573000
-126.882000 0.003 -565.951000
47.746000 0.003 268.792000
-34.258000 0.003 257.733000
56.907000 0.003 253.696000
351.964000 0.003 -665.680000
655.920000 0.003 -89.513000
170.145000 0.003 262.716000
-294.553000 0.003 -623.970000
452.562000 0.003 279.664000
569.496000 0.003 -541.729000
322.536000 0.003 -64.899000
-254.845000 0.003 51.518000
200.446000 0.003 -544.262000
162.720000 0.003 -250.845000
-245.217000 0.003 -219.339000
-175.586000 0.003 -370.499000
-300.443000 0.003 384.549000
391.287000 0.003 -218.171000
-514.185000 0.003 -550.111000
-490.578000 0.003 -261.667000
213.553000 0.003 209.275000
180.471000 0.003 -665.981000
-225.591000 0.003 153.746000
-687.185000 0.003 -307.873000
-13.231000 0.003 -298.707000
-186.589000 0.003 -199.282000
-232.966000 0.003 43.540000
-271.866000 0.003 185.283000
-696.909000 0.003 -188.683000
-361.910000 0.003 296.724000
-463.593000 0.003 -593.372000
-131.516000 0.003 89.356000
-320.319000 0.003 -545.971000
-151.880000 0.003 -181.938000
379.412000 0.003 -688.362000
89.463000 0.003 174.391000
206.143000 0.003 116.937000
-89.463000 0.003 174.391000
-44.642000 0.003 135.853000
-184.824000 0.003 -111.786000
-227.837000 0.003 -65.262000
-144.805000 0.003 187.618000
511.726000 0.003 -217.422000
585.928000 0.003 -364.401000
218.773000 0.003 -163.301000
291.291000 0.003 -473.588000
-195.312000 0.003 208.924000
-551.480000 0.003 70.754000
-576.156000 0.003 -66.664000
-86.273000 0.003 -383.413000
-265.273000 0.003 409.602000
-213.700000 0.003 250.147000
635.571000 0.003 -462.434000
517.617000 0.003 -261.673000
313.172000 0.003 -139.901000
436.913000 0.003 -613.283000
29.312000 0.003 173.542000
-521.305000 0.003 -308.994000
-126.514000 0.003 -200.408000
-288.492000 0.003 -215.342000
-659.601000 0.003 56.310000
-520.816000 0.003 -194.644000
-668.949000 0.003 -169.136000
155.468000 0.003 240.054000
294.192000 0.003 -147.283000
198.139000 0.003 86.006000
290.249000 0.003 -237.445000
288.409000 0.003 -368.570000
-46.316000 0.003 -152.105000
125.971000 0.003 -2.693000
-74.972000 0.003 202.572000
-122.482000 0.003 -258.446000
-552.560000 0.003 -308.815000
0.000000 0.003 -753.000000
19.541000 0.003 447.574000
-66.039000 0.003 -369.139000
75.073000 0.003 334.683000
-115.993000 0.003 -275.584000
-577.674000 0.003 -258.809000
-453.820000 0.003 179.418000
108.045000 0.003 -812.851000
68.733000 0.003 386.943000
-252.421000 0.003 323.084000
462.162000 0.003 -473.973000
231.220000 0.003 189.574000
-382.717000 0.003 -191.602000
151.880000 0.003 -181.938000
17.391000 0.003 -392.615000
-140.238000 0.003 136.928000
-108.518000 0.003 -293.586000
521.305000 0.003 -308.994000
-335.833000 0.003 -472.881000
195.917000 0.003 -302.021000
530.496000 0.003 166.464000
-359.192000 0.003 24.113000
-150.932000 0.003 -673.290000
-142.591000 0.003 -10.812000
249.795000 0.003 -139.279000
-370.528000 0.003 -57.739000
-13.706000 0.003 142.342000
-364.278000 0.003 -224.690000
132.482000 0.003 -741.254000
0.000000 0.003 -448.000000
-221.363000 0.003 -181.092000
522.639000 0.003 189.696000
-652.063000 0.003 114.270000
-15.982000 0.003 -94.660000
13.858000 0.003 158.395000
704.579000 0.003 -157.646000
12.671000 0.003 80.003000
-439.932000 0.003 -299.138000
-199.929000 0.003 423.146000
166.499000 0.003 -137.601000
372.694000 0.003 41.522000
59.505000 0.003 165.636000
-236.238000 0.003 -18.994000
-45.787000 0.003 -255.937000
-105.584000 0.003 -96.442000
131.462000 0.003 -117.021000
-88.615000 0.003 -132.017000
112.969000 0.003 -208.343000
13.706000 0.003 142.342000
218.981000 0.003 -413.608000
-108.724000 0.003 -138.402000
471.395000 0.003 -422.464000
88.423000 0.003 -37.382000
-452.261000 0.003 -442.887000
305.372000 0.003 273.583000
320.318000 0.003 -313.210000
-121.220000 0.003 288.573000
-267.636000 0.003 -53.852000
112.083000 0.003 57.562000
340.268000 0.003 117.549000
84.455000 0.003 -221.441000
-31.572000 0.003 -213.680000
-645.469000 0.003 -147.018000
118.919000 0.003 79.418000
-404.541000 0.003 139.753000
-266.662000 0.003 -311.434000
270.504000 0.003 -513.057000
224.250000 0.003 -534.894000
-268.123000 0.003 -262.173000
-293.125000 0.003 -58.981000
0.000000 0.003 -81.000000
77.449000 0.003 -201.637000
-585.928000 0.003 -364.401000
-632.861000 0.003 13.257000
191.860000 0.003 -404.838000
-387.848000 0.003 -398.384000
-136.732000 0.003 -41.874000
-198.648000 0.003 339.099000
568.042000 0.003 -117.166000
-209.254000 0.003 -53.561000
59.926000 0.003 207.521000
64.300000 0.003 483.745000
-261.129000 0.003 -116.652000
166.038000 0.003 58.372000
60.225000 0.003 186.518000
-183.888000 0.003 -347.325000
29.416000 0.003 193.780000
-173.717000 0.003 -295.756000
93.962000 0.003 -59.095000
-169.190000 0.003 -457.732000
268.606000 0.003 -286.879000
528.729000 0.003 58.906000
-632.829000 0.003 -14.729000
241.319000 0.003 -822.323000
39.089000 0.003 -137.554000
-373.600000 0.003 208.823000
13.653000 0.003 312.702000
-422.421000 0.003 -434.507000
410.482000 0.003 -121.195000
597.601000 0.003 -284.810000
-295.947000 0.003 -101.903000
-206.036000 0.003 490.483000
23.370000 0.003 -174.442000
470.222000 0.003 -504.967000
447.500000 0.003 -525.208000
0.000000 0.003 -343.000000
496.406000 0.003 347.587000
537.898000 0.003 279.109000
-219.784000 0.003 88.679000
466.949000 0.003 31.347000
-605.988000 0.003 -3.739000
-92.546000 0.003 25.520000
-522.639000 0.003 189.696000
73.997000 0.003 32.946000
194.427000 0.003 24.780000
-339.046000 0.003 -230.539000
-29.416000 0.003 193.780000
165.966000 0.003 -610.855000
333.260000 0.003 356.485000
85.904000 0.003 -781.292000
-42.683000 0.003 68.841000
-531.251000 0.003 -624.638000
-118.919000 0.003 79.418000
-494.882000 0.003 123.255000
392.117000 0.003 26.323000
-37.684000 0.003 283.506000
481.223000 0.003 278.496000
152.459000 0.003 -362.223000
82.242000 0.003 74.547000
-84.495000 0.003 -71.983000
456.042000 0.003 -228.311000
-13.858000 0.003 158.395000
212.134000 0.003 40.686000
221.853000 0.003 -283.516000
-374.345000 0.003 -167.229000
-254.692000 0.003 -392.627000
-194.228000 0.003 -135.810000
-598.753000 0.003 205.388000
53.815000 0.003 -167.571000
132.839000 0.003 316.232000
21.286000 0.003 487.536000
180.618000 0.003 -525.845000
142.591000 0.003 -10.812000
-85.904000 0.003 -781.292000
118.099000 0.003 -156.424000
-170.560000 0.003 43.420000
503.016000 0.003 -173.202000
-426.069000 0.003 318.574000
-654.881000 0.003 -493.488000
598.753000 0.003 205.388000
589.089000 0.003 231.653000
606.828000 0.003 -180.135000
194.228000 0.003 -135.810000
-36.147000 0.003 -270.596000
-298.329000 0.003 20.027000
104.912000 0.003 212.515000
-83.718000 0.003 -627.439000
113.386000 0.003 134.609000
-85.506000 0.003 -549.386000
493.037000 0.003 257.003000
219.784000 0.003 88.679000
62.465000 0.003 -206.771000
0.000000 0.003 -196.000000
265.481000 0.003 -217.183000
184.824000 0.003 -111.786000
-290.249000 0.003 -237.445000
-478.566000 0.003 -327.681000
215.005000 0.003 -146.195000
-403.547000 0.003 -274.397000
-605.565000 0.003 22.964000
169.016000 0.003 99.245000
567.417000 0.003 -212.776000
700.122000 0.003 -277.198000
508.855000 0.003 34.160000
-179.047000 0.003 -276.013000
65.638000 0.003 -291.706000
-22.983000 0.003 -258.982000
-537.898000 0.003 279.109000
-132.482000 0.003 -741.254000
622.299000 0.003 -423.973000
-578.535000 0.003 -41.193000
-606.828000 0.003 -180.135000
-113.386000 0.003 134.609000
195.312000 0.003 208.924000
79.770000 0.003 -717.580000
605.235000 0.003 -30.435000
-220.785000 0.003 -754.354000
576.241000 0.003 -187.569000
270.122000 0.003 -485.973000
-416.622000 0.003 164.712000
310.967000 0.003 107.427000
0.000000 0.003 -820.000000
-101.909000 0.003 -654.109000
-163.949000 0.003 -64.007000
-333.260000 0.003 356.485000
132.067000 0.003 196.792000
254.692000 0.003 -392.627000
340.891000 0.003 37.979000
-93.898000 0.003 -851.840000
-152.459000 0.003 -362.223000
328.875000 0.003 97.417000
-551.548000 0.003 -414.602000
170.560000 0.003 43.420000
-94.278000 0.003 -107.521000
-361.449000 0.003 -486.405000
652.756000 0.003 -308.535000
-672.905000 0.003 -337.946000
447.022000 0.003 -29.579000
-142.621000 0.003 162.220000
-247.154000 0.003 -420.783000
-631.559000 0.003 -42.686000
60.786000 0.003 -687.317000
-434.070000 0.003 -267.738000
-436.184000 0.003 218.833000
-200.446000 0.003 -544.262000
351.237000 0.003 -431.009000
-103.253000 0.003 166.598000
-359.917000 0.003 -7.740000
92.546000 0.003 25.520000
289.192000 0.003 446.534000
-22.568000 0.003 -509.500000
538.658000 0.003 -215.052000
-156.096000 0.003 -30.251000
-373.822000 0.003 411.574000
-600.206000 0.003 -83.598000
-190.746000 0.003 268.061000
75.055000 0.003 -275.976000
-521.452000 0.003 105.414000
-434.827000 0.003 -107.839000
-505.575000 0.003 -284.243000
482.634000 0.003 -453.109000
438.187000 0.003 -652.525000
79.049000 0.003 17.670000
155.512000 0.003 -485.712000
390.623000 0.003 -43.155000
-297.192000 0.003 -32.833000
-28.234000 0.003 75.920000
40.034000 0.003 -604.676000
-270.122000 0.003 -485.973000
306.794000 0.003 62.020000
-635.571000 0.003 -462.434000
573.534000 0.003 86.367000
675.756000 0.003 -139.477000
-258.832000 0.003 -175.997000
-168.447000 0.003 -318.160000
519.912000 0.003 -589.481000
246.385000 0.003 -553.652000
252.421000 0.003 323.084000
-549.470000 0.003 185.694000
-139.657000 0.003 -331.807000
-447.887000 0.003 10.052000
-638.349000 0.003 -175.369000
-242.689000 0.003 -615.911000
-59.505000 0.003 165.636000
115.993000 0.003 -275.584000
-15.951000 0.003 -109.848000
380.514000 0.003 437.732000
-492.079000 0.003 -353.687000
72.224000 0.003 -320.975000
148.571000 0.003 -229.032000
255.271000 0.003 298.807000
531.866000 0.003 11.937000
94.278000 0.003 -107.521000
321.778000 0.003 -610.376000
-358.097000 0.003 -199.665000
212.616000 0.003 -38.082000
-52.293000 0.003 294.392000
75.312000 0.003 -29.818000
177.326000 0.003 207.568000
-195.793000 0.003 8.999000
-14.961000 0.003 342.674000
-227.852000 0.003 320.207000
192.225000 0.003 -38.282000
93.687000 0.003 -523.686000
170.100000 0.003 -97.376000
582.424000 0.003 -477.275000
-638.457000 0.003 -337.130000
13.672000 0.003 195.523000
197.949000 0.003 130.327000
-481.223000 0.003 278.496000
-109.590000 0.003 17.638000
296.068000 0.003 -592.105000
-374.182000 0.003 -24.759000
-687.873000 0.003 -219.351000
52.293000 0.003 294.392000
214.835000 0.003 -22.400000
38.745000 0.003 -171.682000
492.549000 0.003 -306.260000
-391.287000 0.003 -218.171000
374.345000 0.003 -167.229000
-348.918000 0.003 -341.175000
687.873000 0.003 -219.351000
-625.549000 0.003 96.840000
688.713000 0.003 42.123000
119.835000 0.003 -374.284000
270.539000 0.003 -542.259000
614.552000 0.003 151.707000
409.192000 0.003 -671.087000
652.063000 0.003 114.270000
-52.965000 0.003 -114.327000
-17.884000 0.003 409.610000
353.674000 0.003 241.037000
188.995000 0.003 449.916000
186.589000 0.003 -199.282000
159.207000 0.003 -642.571000
17.214000 0.003 -785.811000
-215.263000 0.003 -626.024000
-234.980000 0.003 230.272000
7.915000 0.003 -142.781000
371.685000 0.003 -547.809000
-218.981000 0.003 -413.608000
-208.719000 0.003 293.319000
328.542000 0.003 147.174000
-278.005000 0.003 325.419000
-197.949000 0.003 130.327000
387.848000 0.003 -398.384000
-133.461000 0.003 51.353000
-104.106000 0.003 70.978000
-342.389000 0.003 -152.953000
-530.839000 0.003 -35.125000
44.584000 0.003 170.259000
696.909000 0.003 -188.683000
13.809000 0.003 175.457000
-177.326000 0.003 207.568000
-300.251000 0.003 134.500000
37.303000 0.003 426.371000
111.459000 0.003 -713.345000
377.711000 0.003 -308.996000
14.559000 0.003 -328.678000
277.186000 0.003 -810.936000
229.573000 0.003 58.866000
176.252000 0.003 -552.572000
-96.024000 0.003 -147.497000
-411.767000 0.003 -336.856000
402.866000 0.003 -452.697000
-222.873000 0.003 344.133000
-212.134000 0.003 40.686000
68.507000 0.003 305.411000
486.935000 0.003 -32.220000
363.974000 0.003 -90.267000
-631.657000 0.003 41.216000
-583.946000 0.003 -161.998000
-358.795000 0.003 268.273000
-675.756000 0.003 -139.477000
43.562000 0.003 -326.103000
101.478000 0.003 -44.979000
197.847000 0.003 -470.060000
-629.218000 0.003 69.096000
-282.611000 0.003 97.631000
66.501000 0.003 -750.058000
-316.632000 0.003 -756.402000
266.662000 0.003 -311.434000
-336.102000 0.003 442.912000
300.111000 0.003 88.897000
148.484000 0.003 464.862000
-263.759000 0.003 -337.069000
-294.866000 0.003 -659.043000
291.077000 0.003 115.078000
-347.250000 0.003 -783.496000
39.590000 0.003 -296.367000
-135.380000 0.003 112.464000
234.462000 0.003 -34.591000
-248.428000 0.003 -497.413000
127.732000 0.003 270.343000
393.116000 0.003 116.446000
-255.632000 0.003 128.250000
-117.569000 0.003 -432.298000
-183.440000 0.003 114.044000
282.611000 0.003 97.631000
-496.406000 0.003 347.587000
-268.606000 0.003 -286.879000
242.689000 0.003 -615.911000
-364.255000 0.003 356.957000
-385.278000 0.003 -77.523000
427.901000 0.003 -9.201000
57.872000 0.003 -56.673000
440.266000 0.003 339.561000
46.316000 0.003 -152.105000
156.096000 0.003 -30.251000
-537.998000 0.003 -526.846000
-409.041000 0.003 -182.728000
-26.060000 0.003 297.862000
224.864000 0.003 -240.161000
485.736000 0.003 -216.990000
25.575000 0.003 -579.436000
359.557000 0.003 106.506000
107.596000 0.003 -395.630000
548.830000 0.003 -469.116000
330.977000 0.003 271.363000
155.745000 0.003 32.006000
-90.886000 0.003 -87.268000
68.232000 0.003 -250.887000
-263.650000 0.003 -196.799000
231.056000 0.003 505.716000
-367.565000 0.003 74.305000
592.672000 0.003 -516.271000
347.250000 0.003 -783.496000
-158.997000 0.003 0.895000
-136.313000 0.003 426.758000
381.955000 0.003 -725.611000
-57.643000 0.003 94.859000
61.966000 0.003 -463.879000
117.378000 0.003 181.324000
-415.132000 0.003 256.534000
-16.010000 0.003 -79.402000
-379.412000 0.003 -688.362000
-113.697000 0.003 308.730000
-560.759000 0.003 -502.552000
271.349000 0.003 -29.978000
112.746000 0.003 -112.113000
-219.265000 0.003 -593.811000
270.418000 0.003 -93.112000
147.152000 0.003 -60.226000
252.355000 0.003 -62.585000
-73.957000 0.003 159.707000
-413.536000 0.003 -708.087000
673.595000 0.003 -405.050000
-197.847000 0.003 -470.060000
70.676000 0.003 85.592000
-351.964000 0.003 -665.680000
-238.088000 0.003 -333.787000
-133.582000 0.003 -539.715000
560.759000 0.003 -502.552000
-426.223000 0.003 -237.651000
-651.448000 0.003 -227.410000
334.900000 0.003 -132.068000
-73.997000 0.003 32.946000
135.814000 0.003 368.787000
245.217000 0.003 -219.339000
560.381000 0.003 230.672000
-245.835000 0.003 -84.648000
201.240000 0.003 -164.629000
-291.377000 0.003 -340.299000
-602.951000 0.003 -451.065000
30.423000 0.003 -689.329000
28.283000 0.003 107.336000
-232.355000 0.003 -143.319000
387.663000 0.003 -133.483000
-569.292000 0.003 -389.881000
-13.809000 0.003 175.457000
15.828000 0.003 -215.419000
127.631000 0.003 -303.235000
181.968000 0.003 310.625000
-578.274000 0.003 257.464000
-423.908000 0.003 -544.428000
78.117000 0.003 288.615000
110.080000 0.003 -14.260000
-82.242000 0.003 74.547000
-270.850000 0.003 -572.127000
-28.950000 0.003 214.051000
227.834000 0.003 -480.745000
-462.162000 0.003 -473.973000
-409.192000 0.003 -671.087000
-478.324000 0.003 96.695000
689.746000 0.003 -18.713000
-61.195000 0.003 -552.622000
-232.393000 0.003 116.591000
-75.055000 0.003 -275.976000
-486.935000 0.003 -32.220000
13.353000 0.003 -605.853000
381.312000 0.003 -767.496000
321.912000 0.003 -161.161000
140.238000 0.003 136.928000
105.584000 0.003 -96.442000
140.515000 0.003 -74.409000
-89.196000 0.003 502.140000
-203.574000 0.003 -237.753000
238.301000 0.003 133.198000
-193.651000 0.003 173.492000
632.829000 0.003 -14.729000
531.251000 0.003 -624.638000
284.241000 0.003 31.668000
-503.891000 0.003 235.010000
-234.462000 0.003 -34.591000
-283.383000 0.003 -397.288000
-100.978000 0.003 -75.362000
557.491000 0.003 -237.570000
101.909000 0.003 -654.109000
-101.803000 0.003 -570.996000
331.268000 0.003 387.765000
217.219000 0.003 -94.789000
436.184000 0.003 218.833000
-43.085000 0.003 85.789000
-91.172000 0.003 -284.761000
-303.797000 0.003 -75.343000
172.677000 0.003 -34.041000
71.324000 0.003 263.518000
-106.889000 0.003 -29.930000
93.898000 0.003 -851.840000
-245.244000 0.003 -239.801000
242.190000 0.003 -309.505000
115.596000 0.003 -84.182000
-101.171000 0.003 -122.660000
640.788000 0.003 -255.911000
253.966000 0.003 -100.151000
30.097000 0.003 235.081000
-82.141000 0.003 -302.030000
-109.413000 0.003 92.075000
-191.791000 0.003 40.398000
-423.592000 0.003 -145.855000
-121.099000 0.003 -679.290000
79.110000 0.003 247.672000
-236.977000 0.003 -3.313000
-140.548000 0.003 297.468000
-310.103000 0.003 -210.859000
549.470000 0.003 185.694000
293.125000 0.003 -58.981000
161.733000 0.003 439.166000
-90.614000 0.003 218.993000
-20.710000 0.003 -467.542000
-289.192000 0.003 446.534000
-111.476000 0.003 113.375000
-260.155000 0.003 -364.724000
-592.672000 0.003 -516.271000
43.085000 0.003 85.789000
-555.337000 0.003 -27.153000
380.378000 0.003 -371.936000
122.781000 0.003 28.300000
399.492000 0.003 -562.589000
-528.652000 0.003 -238.594000
209.659000 0.003 -657.376000
-493.037000 0.003 257.003000
118.919000 0.003 -321.726000
-110.987000 0.003 1.707000
-112.746000 0.003 -112.113000
259.433000 0.003 -17.167000
-39.602000 0.003 -446.246000
151.842000 0.003 47.171000
82.077000 0.003 365.907000
454.127000 0.003 113.105000
-18.816000 0.003 -856.793000
405.040000 0.003 -380.892000
629.055000 0.003 -70.560000
136.313000 0.003 426.758000
-110.080000 0.003 -14.260000
263.650000 0.003 -196.799000
588.173000 0.003 -418.731000
-59.930000 0.003 -266.341000
457.577000 0.003 -558.486000
381.284000 0.003 150.741000
442.658000 0.003 -68.979000
47.067000 0.003 -190.265000
176.079000 0.003 225.371000
-174.584000 0.003 -160.279000
133.582000 0.003 -539.715000
-603.965000 0.003 49.623000
60.889000 0.003 229.045000
-466.341000 0.003 -632.710000
-380.124000 0.003 -340.008000
346.010000 0.003 -404.105000
-116.441000 0.003 519.101000
-59.543000 0.003 -75.304000
-300.111000 0.003 88.897000
-165.117000 0.003 -734.674000
463.593000 0.003 -593.372000
-700.122000 0.003 -277.198000
-388.254000 0.003 60.890000
475.512000 0.003 238.564000
-424.863000 0.003 358.647000
605.565000 0.003 22.964000
-321.918000 0.003 -578.458000
-283.017000 0.003 -769.611000
426.223000 0.003 -237.651000
562.323000 0.003 -142.100000
319.867000 0.003 -341.627000
274.718000 0.003 483.390000
-232.924000 0.003 -359.069000
269.439000 0.003 -458.723000
478.324000 0.003 96.695000
435.370000 0.003 -171.688000
-247.076000 0.003 168.388000
-169.103000 0.003 -197.495000
-390.623000 0.003 -43.155000
-173.738000 0.003 28.126000
-465.170000 0.003 -51.391000
-153.935000 0.003 -770.779000
51.100000 0.003 -577.745000
-31.550000 0.003 -193.444000
-509.882000 0.003 -10.964000
-418.485000 0.003 -209.509000
239.609000 0.003 -178.854000
-43.516000 0.003 118.247000
-390.600000 0.003 174.973000
376.190000 0.003 -441.454000
71.201000 0.003 103.954000
492.029000 0.003 -483.743000
349.328000 0.003 87.004000
-174.589000 0.003 127.179000
-305.372000 0.003 273.583000
-95.237000 0.003 298.159000
-80.966000 0.003 -51.581000
150.932000 0.003 -673.290000
-523.128000 0.003 -356.408000
18.816000 0.003 -856.793000
-317.728000 0.003 -718.919000
285.781000 0.003 -127.665000
-458.804000 0.003 -92.318000
-173.353000 0.003 243.618000
464.653000 0.003 -259.078000
191.580000 0.003 362.487000
-563.694000 0.003 136.561000
-191.860000 0.003 -404.838000
-70.676000 0.003 85.592000
-353.674000 0.003 241.037000
-592.151000 0.003 128.815000
-261.826000 0.003 -77.304000
-528.894000 0.003 -171.486000
-229.052000 0.003 171.264000
474.233000 0.003 -668.957000
314.937000 0.003 -235.082000
-346.751000 0.003 -283.668000
-258.037000 0.003 89.141000
719.253000 0.003 -62.926000
-210.467000 0.003 -108.961000
532.731000 0.003 -438.517000
439.117000 0.003 88.769000
93.111000 0.003 -598.804000
-123.227000 0.003 -100.479000
465.613000 0.003 -303.876000
70.097000 0.003 527.362000
-387.663000 0.003 -133.483000
-116.383000 0.003 -48.280000
-78.117000 0.003 288.615000
-285.928000 0.003 6.417000
447.835000 0.003 -368.570000
327.532000 0.003 419.222000
-487.877000 0.003 10.950000
506.863000 0.003 -379.182000
400.431000 0.003 200.896000
-146.465000 0.003 61.879000
-508.855000 0.003 34.160000
234.980000 0.003 230.272000
283.017000 0.003 -769.611000
-157.627000 0.003 -78.292000
-503.016000 0.003 -173.202000
175.226000 0.003 331.543000
193.651000 0.003 173.492000
241.790000 0.003 95.592000
-278.153000 0.003 -109.689000
-369.902000 0.003 -415.100000
211.172000 0.003 270.288000
367.285000 0.003 -515.549000
-435.370000 0.003 -171.688000
-462.349000 0.003 72.510000
-371.459000 0.003 128.324000
44.967000 0.003 190.772000
-411.381000 0.003 -481.098000
364.278000 0.003 -224.690000
530.839000 0.003 -35.125000
197.428000 0.003 -726.657000
-248.144000 0.003 348.724000
303.797000 0.003 -75.343000
-144.819000 0.003 100.017000
380.124000 0.003 -340.008000
238.439000 0.003 -647.493000
231.658000 0.003 -50.036000
-233.836000 0.003 273.717000
-150.837000 0.003 125.157000
29.371000 0.003 156.264000
-363.308000 0.003 388.628000
-49.411000 0.003 371.731000
-130.508000 0.003 -407.617000
660.841000 0.003 -198.466000
109.413000 0.003 92.075000
-538.658000 0.003 -215.052000
-130.350000 0.003 172.235000
174.584000 0.003 -160.279000
-465.613000 0.003 -303.876000
31.570000 0.003 -106.416000
-68.461000 0.003 -162.139000
233.126000 0.003 208.857000
306.062000 0.003 -120.695000
-380.514000 0.003 437.732000
615.752000 0.003 -311.367000
-163.591000 0.003 -171.485000
-47.145000 0.003 -210.792000
157.253000 0.003 -533.299000
92.100000 0.003 61.956000
-62.598000 0.003 279.065000
278.153000 0.003 -109.689000
549.673000 0.003 255.138000
59.543000 0.003 -75.304000
411.767000 0.003 -336.856000
