2024 1522 2036 2202 842
1852 2 255 179 1898
717 1 839 969 255
1262 1278 2068 1607 856
1883 660 79 478 420
623 1471 2200 2313 437
1099 1615 508 561 1759
979 547 975 2397 1662
1481 2452 516 551 2345
959 1455 2223 2592 834
1845 2326 2295 2311 1310
1412 2605 58 1688 2049
1341 220 485 2118 2629
1397 1965 215 721 932
2105 993 569 35 1384
236 1674 2364 596 310
40 2332 653 1118 184
2125 2388 1289 1894 2445
2544 2129 1303 1004 1448
749 2166 2628 1393 314
953 2226 930 905 1765
341 1451 922 359 1980
1542 566 2575 860 1776
2281 1555 2554 553 488
777 790 2530 1813 718
211 2042 924 2515 1815
1077 1326 574 706 2470
469 1141 1399 1734 367
673 2634 2133 1182 2004
1563 1414 607 1435 2066
838 1503 152 1340 1453
1567 930 1364 526 2270
565 946 71 746 1528
2256 186 1864 1911 1547
2391 313 1625 603 198
1550 1234 14 1544 2038
1236 2205 1267 225 1425
1221 2305 2228 2615 335
1396 1300 1610 457 2338
1819 1933 408 2103 825
184 1916 16 2537 2574
2421 828 710 549 2579
527 2369 1360 1595 1321
243 2632 2183 540 960
743 2248 179 2230 740
2211 971 2052 661 2054
836 1498 544 1039 1988
1493 614 2335 1847 1290
218 789 1796 1464 2091
944 141 188 1082 1024
893 1896 1568 2092 1616
1178 238 2094 1768 1220
1639 1632 1767 2473 2378
1790 2126 1798 1167 2524
2599 1805 949 1709 2296
1973 1280 501 579 1589
2356 1259 1144 1374 841
466 1708 1279 1760 1083
1663 1518 11 385 1688
2572 2024 939 2397 815
436 1328 1183 2358 2128
1320 160 1052 194 1618
1406 2588 2454 779 880
1751 1155 721 1983 1357
424 2046 942 2440 815
273 2368 773 1617 1880
754 532 2042 211 844
713 1108 2488 2246 309
1073 729 1714 1600 2349
761 2165 948 1444 1806
2465 339 1067 2112 956
1723 746 2615 32 565
1176 1103 2333 916 1943
95 2614 728 352 425
406 1883 2382 420 132
1947 2254 1293 1244 1435
2489 131 1854 525 2225
2613 2020 2064 1482 2418
580 2121 104 1407 2590
478 420 2514 483 4
2284 1590 2414 1344 94
2507 493 1294 629 772
1348 2343 1868 1835 1456
1941 1592 742 760 2194
693 2550 1060 2282 378
2075 182 1100 1532 2423
398 1685 597 1327 1355
1910 2161 329 2626 926
581 1539 2591 334 786
1638 870 1275 351 2182
449 1171 1380 2227 908
2348 1243 1568 2063 748
1212 1085 2113 2350 2536
1151 2602 2106 1678 1450
1344 357 2284 1123 80
425 386 73 1292 2576
1691 2394 285 1053 1151
1240 2518 758 682 1628
2402 429 803 2481 788
1511 1320 1572 1001 453
675 961 562 1165 2110
2502 1817 330 1892 1641
1893 474 1615 1485 1009
280 185 887 249 1242
1769 432 78 637 1708
2155 443 2417 2033 1508
294 239 204 2418 1129
1072 832 433 2204 1277
2535 336 1003 2058 345
720 585 2205 1236 1677
2513 1701 1166 2047 2468
1488 913 230 847 2494
1080 2217 1466 2593 1296
2343 793 589 346 1857
2531 911 1494 2620 2022
185 1461 2401 611 1295
2455 2560 1596 473 2158
756 2302 1694 583 2044
755 2553 187 1068 567
2638 1257 2392 650 1781
1174 680 2548 727 1365
1681 973 2362 1903 1314
2051 1929 1057 1180 1166
248 1852 1330 450 1826
2432 1071 877 1505 2517
1012 1506 1022 2349 1364
2180 1973 1540 501 871
1266 1229 1908 2359 1997
242 2275 1111 1107 854
1222 669 1981 1770 1794
2078 357 2247 1344 864
2225 76 957 1526 525
2382 1652 2372 987 406
1611 875 2240 768 396
149 2361 1306 1224 463
1752 546 1280 2420 431
426 1413 2405 715 2168
411 244 178 1978 643
2527 181 1730 1417 1926
168 942 895 2046 1613
1298 1951 2196 368 1966
49 356 1024 387 2099
2290 260 1361 709 1935
1184 1595 527 719 1541
1403 490 1383 2607 1250
1645 259 482 1583 1351
1754 1793 1173 1462 1849
1729 261 1726 422 269
1755 1671 709 1583 315
134 318 1342 2611 1306
774 750 759 647 2374
627 212 1480 1014 297
821 1238 30 1203 936
1727 955 1369 1697 1084
1047 1987 859 1679 1479
1990 1636 2364 369 1467
809 619 991 538 275
850 2177 303 2191 1800
1259 2345 2109 1612 195
734 1586 783 698 722
61 2573 1618 1217 1052
2368 1005 1617 1577 529
2095 654 1143 2630 1128
999 2129 2407 390 2069
1294 629 985 718 81
2016 2163 1621 1275 938
931 636 731 2085 966
1657 983 1821 851 268
712 139 2160 1613 831
371 1205 534 2407 1601
1344 2393 2078 1590 130
1335 2201 772 552 353
1311 919 1573 1655 1582
235 594 624 2265 434
1845 1918 1599 2295 1457
1995 2316 2151 2293 1227
1938 1804 2547 1048 1991
1631 1219 2555 398 250
137 643 497 1459 411
969 2230 44 743 1
1241 1299 773 2187 689
795 138 1307 1730 976
85 2281 1100 2334 633
1733 2358 1191 2193 288
633 2423 40 2332 1473
115 103 249 611 1295
479 1547 2614 33 1301
1472 118 218 2007 755
1119 1024 480 49 944
2606 986 1707 1411 1507
2596 1925 1123 1377 1686
1787 720 1213 2329 1728
1390 1218 1054 476 1986
2587 2101 1046 2285 222
1618 705 61 1320 826
1612 1374 1259 604 158
499 502 1483 563 2132
319 233 723 1397 454
1095 1416 34 2522 1917
2181 1524 620 523 1153
1562 234 1703 769 2104
236 895 2189 942 1750
412 595 2269 530 285
2566 1848 595 1849 1274
2418 652 106 294 2613
1387 1018 1288 1876 1110
1635 2333 2056 295 2628
1108 556 226 684 2336
837 1306 631 2519 2291
1715 2199 830 1842 2185
2608 1114 1381 258 2276
1815 2042 25 754 66
892 151 297 1480 1800
1086 1527 2520 2145 1989
2528 1478 884 2153 1127
13 264 1357 2141 1397
2151 1363 2316 1420 2178
1704 1415 1961 2531 2318
2091 187 48 536 2007
2239 604 1612 2252 2232
342 12 2209 927 485
2271 270 2487 1915 2084
1046 2285 1304 1663 1688
2165 2497 1570 1806 2158
2548 1582 2367 400 1311
2441 2176 304 36 2102
2246 684 1188 207 1108
2147 1661 2482 995 2077
1520 2532 1462 1339 2360
883 1809 517 2433 1919
1270 2494 111 548 2050
2274 1945 250 2623 1818
583 331 1944 1910 2617
932 197 319 697 1952
1703 769 1717 200 2571
173 1633 434 316 1308
15 201 310 683 2189
2021 781 771 1066 1665
476 51 855 1220 1886
1334 106 2418 1096 1228
2261 2094 920 1139 1040
761 1252 459 1478 1444
701 128 1264 1824 1107
43 1422 1931 592 2183
2603 1747 300 137 411
1745 515 1803 1272 2268
2353 903 1013 529 1513
914 1716 2525 872 1319
1194 123 1826 1474 1149
887 611 185 103 1231
1219 398 231 597 2274
697 1331 1965 1810 1161
1189 2115 572 2480 2207
2107 2048 1089 2586 1509
2505 717 2521 1743 1949
1898 839 1 2 2264
1309 833 1531 646 492
900 1074 582 2068 1146
1199 1381 415 333 1114
482 145 2645 472 1616
709 142 1027 1436 1755
971 147 661 1758 422
1244 1936 1410 1947 2350
1010 1427 687 1647 1731
723 1397 1653 215 197
2587 2101 2466 2347 193
753 1153 1524 199 1629
835 1802 427 1879 724
1006 2412 1657 983 403
1726 422 2433 1653 2141
2338 221 2621 2487 1300
1312 1408 497 1459 1430
503 383 2044 1469 1077
1880 1996 65 284 448
330 1892 2576 479 101
884 2561 156 2528 809
1177 2648 1211 507 1475
1908 2359 1839 1953 127
929 1721 421 1307 1626
1091 1056 609 1584 2017
2159 103 990 887 621
413 1400 1254 311 695
295 1486 645 1289 1226
484 2518 682 2096 2357
273 2476 773 2187 1996
96 2566 412 595 1691
568 570 2250 1922 1095
715 1519 879 505 426
2358 763 2193 972 1700
2218 603 662 555 2391
1945 2192 2623 2278 458
2338 2248 450 1474 1396
366 775 1195 921 2162
1515 2303 1468 1581 2236
106 2411 652 204 874
1226 206 282 1889 2333
1438 806 1932 446 2220
1800 1480 212 2177 892
1933 831 712 2580 808
951 1670 1377 2334 1100
244 1538 1978 1914 137
2478 1925 2464 2327 915
2506 1284 2331 2352 2026
2191 1496 1942 157 2147
986 1425 225 736 189
507 726 445 1245 1187
741 1975 1762 811 2495
696 855 537 1423 1022
1390 1218 539 938 192
2144 974 67 1108 713
2364 2189 1990 236 15
1850 695 1696 281 1400
1901 575 2219 1606 538
34 1559 428 1625 1416
447 2216 749 2166 1155
2475 592 1422 243 148
1844 2265 235 173 1633
1365 1389 1169 1174 2203
1866 149 837 1306 208
197 454 2538 233 651
2094 1768 1139 584 51
1222 1766 593 1981 2072
797 1343 877 1064 1720
2428 2392 1547 977 1948
2557 807 489 518 1406
1615 1485 561 1313 102
2321 2269 1614 688 2474
1082 2492 1453 766 2375
2521 1477 2505 2212 1870
2319 512 87 470 1042
274 1960 101 2130 2502
2280 2617 926 232 1976
1576 1548 1318 1991 1804
1782 415 1939 870 1381
1207 2591 626 364 581
1464 2174 1221 2305 2341
2076 345 2140 108 1796
1278 582 2068 257 3
1369 1952 955 233 153
70 1670 956 438 1532
1503 481 1340 1833 2438
2006 21 1692 2633 359
220 1899 1058 1246 2209
848 1717 591 1703 2215
1471 2016 2313 1621 2041
2582 1796 2535 336 536
810 589 793 113 2073
2299 2636 588 1084 690
520 2578 1580 2315 862
816 2627 2237 1138 1243
531 1209 2642 571 1442
1190 1763 2516 89 1961
1911 73 2529 1247 2614
1130 1291 1335 2201 1020
2369 1057 1929 1385 878
1361 2435 1940 676 2290
2297 141 2099 674 1024
94 864 130 2283 1344
1070 1491 666 509 608
1980 2633 21 341 417
2580 2103 1933 975 827
561 1313 1667 1720 325
1803 1272 1857 1902 245
1789 1964 1170 784 1699
626 2585 1207 334 716
1515 424 596 2469 2009
292 921 1957 2509 775
1680 2551 1063 788 27
2486 2196 1913 912 1298
1552 1033 2490 1990 155
508 561 881 1667 6
169 436 2407 1772 519
1955 912 1779 2631 2486
952 692 1856 2445 2123
614 2434 2604 733 819
1905 666 862 1719 1491
1096 426 647 1519 1334
2143 1601 1822 1457 2120
858 2301 84 693 1338
535 2447 941 1548 2131
1757 1690 2063 1609 1788
1709 648 564 849 2616
587 1624 1912 1605 2346
1534 272 1093 1077 2470
1265 918 1937 1159 1521
780 1412 1160 58 704
1132 2576 1286 95 1960
770 514 674 1082 141
1005 623 1577 2200 1013
2546 2609 996 1441 2347
1004 2069 854 1156 163
1716 2639 598 2190 872
1790 1998 783 698 53
752 1869 2413 2312 2019
1343 2365 1064 900 1667
1322 1493 1034 2335 1753
768 2543 875 133 2583
2414 2284 557 2464 691
86 250 1851 177 597
1934 1662 1613 2397 831
2367 1174 2548 2449 224
1002 551 1481 1049 829
1557 630 439 1445 2058
1566 2453 1006 2412 745
2078 2393 600 1347 170
2616 1149 1837 1194 949
74 890 132 2382 1652
1661 644 1030 1463 2512
808 825 39 664 700
2039 1559 1597 1843 1731
2208 1679 1426 1047 899
1747 733 137 643 244
285 1053 202 2474 96
281 2503 1937 695 2146
1273 1437 1784 827 730
2033 333 2155 1939 258
2245 1458 1126 1747 1038
2270 1836 2398 1567 2633
1838 1544 1234 2014 1861
1882 1630 2496 734 2331
2382 79 483 2419 1883
1924 1626 278 2514 1721
2141 269 971 147 1653
671 893 1043 670 800
64 365 683 2009 2440
2576 479 95 2614 274
136 376 2168 287 647
1969 1375 267 1554 835
1843 1625 313 1740 1559
98 2003 1646 2481 803
2389 1477 1867 1903 846
958 1830 1752 546 1342
1708 104 1760 2184 637
2204 2583 2543 396 107
1308 624 439 235 2208
1313 863 1720 1117 2627
371 60 519 763 1183
920 1139 623 1471 240
1532 1067 339 1366 70
2208 1445 402 630 434
2221 1230 2408 1886 1136
1180 1537 1734 968 878
1141 2015 2625 1801 1037
1523 105 1508 2034 2417
1117 1076 2267 1968 797
1211 1087 305 605 1187
2220 1780 296 1699 806
314 925 1155 792 1858
1367 1134 1880 1996 1981
90 781 908 1620 2598
1474 2230 291 2248 123
1298 799 2486 1972 2631
1381 933 1782 1887 2608
1511 2482 2147 1942 2286
2538 319 1809 723 1919
1713 1855 2258 2288 732
1590 1495 2393 1215 170
1104 1610 2298 1906 1300
1007 2564 1945 2192 1436
1444 1478 522 2542 241
1877 1279 1440 2340 935
1407 1814 1988 787 1409
982 2272 1967 675 2158
1306 1224 2519 1549 208
978 1341 1401 1744 2460
1914 1565 2598 901 2150
57 935 1083 2451 1460
957 1526 1513 2261 131
1872 2223 796 959 1348
27 686 968 1734 2551
1944 1910 2477 329 232
2392 650 977 573 119
1645 259 1237 2589 2645
1974 1596 2086 1724 2455
1138 102 748 1009 1893
541 739 2161 506 1356
238 1986 1768 192 855
2207 687 1010 263 2400
79 2088 1711 2514 660
186 425 1301 274 1892
604 2081 188 1374 195
1753 2438 2206 340 514
259 1616 145 1896 965
2419 2514 1626 420 421
1465 2357 283 2170 682
2629 2209 12 220 2288
1431 2198 1949 2575 2521
1396 740 2262 2213 2248
1283 2554 2624 1555 23
1406 1439 324 1551 2557
1171 144 2227 857 2607
528 1232 516 752 2379
2355 1398 1309 833 2021
2065 772 1148 81 1807
2043 1990 2189 1552 1722
2061 2275 1424 618 1156
2309 1081 767 2370 2570
178 1978 271 1079 137
2499 1246 1106 1432 1899
196 1533 2132 2035 1839
1197 2563 1841 1572 2195
1501 2079 55 126 2439
2082 196 2471 2132 1953
272 898 1077 1326 26
910 1134 2493 1996 593
844 879 754 1840 1519
1923 475 814 2339 739
305 1211 672 276 2648
370 6 1031 1534 1099
1522 1070 939 358 2009
656 1851 2570 1664 1685
993 1546 1865 1861 1384
2190 2319 2639 329 2626
1350 565 1490 1723 970
674 387 1753 2438 770
1172 2268 798 245 1297
2345 2379 491 8 1481
229 1266 1871 1908 883
2096 807 2518 2557 283
1183 2407 999 436 371
1376 1905 348 862 2578
1208 892 1025 212 1800
2153 2542 2520 459 1643
620 1672 2181 199 1831
1629 2377 1153 266 2273
2142 1028 2225 76 2193
2226 31 1907 1012 1152
42 1541 1321 143 2429
491 2109 2345 612 752
822 246 2368 1005 903
1793 202 1462 1339 595
1749 350 2028 2010 2642
66 1707 2606 2042 2064
2435 553 676 2574 1916
1303 2407 2129 169 1205
379 2119 2131 1548 2134
1472 218 2582 1796 187
1907 1012 307 1022 526
991 2323 809 312 156
308 1704 2163 1961 1390
592 1935 43 709 2632
1356 2280 475 926 1631
1676 1042 2477 1607 906
1257 1904 650 1130 2618
1640 46 1429 1296 1039
1762 811 1026 1181 306
635 431 2610 135 1830
2397 7 1391 2049 2572
2050 1387 230 1687 1270
710 1404 2421 1878 41
1110 1345 1128 1352 2124
401 2239 8 1092 1049
1578 171 2174 2507 2201
1916 533 633 2435 23
1521 2581 1336 918 1773
2148 1201 873 799 289
914 207 684 1319 2336
2569 1582 397 691 919
2410 2104 1598 848 1791
1232 2458 2431 1202 845
2581 2552 2197 1454 846
361 325 370 6 1615
1165 1231 100 675 887
2082 196 1446 2577 502
2616 1995 964 1368 381
32 513 1723 71 2152
22 860 2437 2575 1078
1833 1659 755 2553 2206
286 2522 1095 2250 198
2344 1384 605 14 2105
286 1922 1649 2250 869
2504 1161 1331 2010 1209
2480 2207 759 252 2115
1807 2404 2306 471 650
1634 1000 26 2470 1492
923 312 2273 2219 991
1135 1959 1687 1930 819
1864 1911 1085 2529 33
1031 756 1433 1694 1469
1055 1112 2090 55 2079
2590 1122 78 637 1070
88 928 334 1207 2594
337 257 1032 900 2517
2617 117 232 992 2302
1218 320 938 2041 1768
1985 109 1236 1425 1449
2559 1966 1951 1315 1597
2480 382 2346 1142 1189
2013 690 1359 347 2299
1835 346 113 2343 2073
1817 1958 1892 2428 885
2215 2567 1112 1055 343
540 315 243 43 148
910 1134 1375 321 1766
173 2263 899 981 624
203 285 1793 202 2566
2236 683 365 15 236
1355 2274 86 250 1881
872 2190 391 1716 2626
2002 1051 1058 2209 828
1439 404 1347 1253 2078
1158 2099 1656 2297 984
1198 2043 1705 2588 904
1625 289 2391 1201 34
480 219 1119 195 1612
2061 1187 569 445 1087
2529 1247 2565 716 352
1435 2443 1947 29 1410
2469 1581 1515 358 293
1888 1746 279 2641 1927
2170 1359 2013 1465 484
249 2401 115 185 1231
2413 1963 752 528 2109
2231 2082 812 2471 685
374 2604 1290 47 2434
2120 2504 1210 1710 1822
1186 2599 909 1062 2363
1484 1535 830 735 2484
1087 1736 1251 495 2635
1643 156 1683 991 884
2388 523 645 199 1524
1242 2123 692 1121 280
1989 923 1846 1644 1086
437 1013 5 388 920
434 899 2208 173 410
1772 1601 1310 1457 1700
1536 364 2649 334 2591
151 1014 1954 1480 1261
1402 2535 1479 1003 2496
1148 81 1102 164 493
1426 402 2058 2208 439
2315 1428 208 2291 940
1209 1369 1727 1331 1442
184 1916 553 2423 2281
1874 2037 1756 1177 1206
1830 836 546 1080 2523
1398 966 833 166 663
2202 580 1708 104 1122
2029 1044 1125 1395 2310
669 957 1770 1513 744
1798 810 2126 2093 1124
1689 1732 1241 689 1121
2578 1473 2423 1376 2075
2434 411 778 178 137
760 407 1463 1941 1373
620 2388 282 1889 523
2085 256 834 1456 833
1334 2168 376 426 150
381 1227 1995 564 1693
738 1430 2279 1287 1651
2306 471 543 119 1257
1927 1952 1746 1101 319
795 204 294 2411 1859
16 2537 1591 1921 40
2644 162 2025 2030 2630
676 2574 1881 1196 533
510 1685 1560 1748 1654
2634 1913 2196 1370 1619
1467 1115 1783 1636 2540
1622 997 1693 849 1974
4 478 2088 79 1605
2387 1797 261 45 971
2391 1956 289 2218 2250
1380 2227 1398 966 90
700 1316 2584 1337 408
1206 1251 2222 1111 1736
1491 375 1905 358 1581
1216 965 2416 1896 1154
2171 1482 1411 1707 1859
639 129 744 1794 2311
2462 1379 423 1823 1216
423 1043 800 1317 1895
726 2648 507 1499 894
1815 28 2300 1182 1840
514 1322 387 1575 356
1967 100 1231 562 982
533 355 655 714 2574
1681 1946 1314 1200 2362
1287 1785 694 813 1408
1656 1687 2050 1158 1959
1365 120 1993 727 1174
2422 689 2187 994 2125
1465 758 283 97 2518
942 596 236 424 64
1319 226 556 207 2114
812 2471 1518 1116 1160
1128 469 1345 2551 968
263 1502 477 1427 1010
1392 2360 1339 326 1891
1241 2422 681 1689 641
1962 588 1811 2636 1388
919 2464 2478 557 1497
1121 373 1689 1856 621
1558 84 2282 2498 858
1297 678 1256 1332 1287
2146 311 2383 413 281
307 1022 1986 2100 537
251 932 1331 233 1369
2448 159 2524 392 1586
2154 943 1813 2118 2530
664 2600 1337 904 808
242 1811 1962 1658 1264
1159 1563 1984 928 1265
2549 2062 871 1529 820
2403 979 780 1412 1718
1942 194 1320 1511 2191
2564 1634 2192 26 1027
1233 2330 1378 1450 998
1109 886 1975 1305 1690
260 1755 148 142 540
549 1899 41 2499 828
1668 1935 2175 1361 1283
168 808 2600 298 831
67 1832 2439 2488 2144
1940 676 1818 1881 355
287 2559 2224 879 136
2585 364 1248 606 1293
2 254 1949 2485 839
777 24 1102 164 1147
1538 2235 921 2603 143
191 109 2329 2205 725
1971 13 63 1357 1965
1630 1133 734 1586 2506
197 454 264 776 1397
1210 1710 835 1802 615
1677 1728 720 109 868
305 894 672 2229 507
1932 1993 806 120 296
73 1292 1247 2294 95
2100 68 2457 2057 1600
2103 2510 1819 414 39
166 1754 2446 1173 931
1585 2258 1401 1713 2139
2434 411 1747 374 2245
722 419 159 1402 1630
2484 1963 617 1144 1535
791 2441 1507 304 1276
2444 2271 2558 1650 937
649 1016 1651 2324 2157
1664 1356 1923 475 2555
1114 487 1199 2262 44
306 2495 1774 1023 851
760 2567 83 1592 2571
44 2276 969 179 1114
2311 2225 669 957 1346
2453 1895 2412 2251 403
1557 71 946 32 2228
1623 2427 2366 1828 1186
2233 2348 474 1243 2092
19 1176 314 925 447
1786 150 2168 2400 759
2263 2116 1145 1470 1323
393 1225 612 491 528
266 952 1894 1524 1302
66 1840 211 1815 505
118 2007 567 2164 1833
2044 1469 117 578 272
1865 2376 2229 1546 1245
2266 1333 682 97 1240
2374 2400 150 572 750
742 644 1941 83 1353
241 69 1444 459 948
2285 812 1663 1518 58
1700 288 2358 1772 436
1960 1073 2130 1714 2395
1836 1938 1556 2547 785
2375 327 1035 838 1453
496 1923 1885 814 2309
396 889 133 1611 1120
2259 234 2571 1562 1353
387 1082 2438 1453 514
813 237 2268 2355 1066
171 1807 2507 493 1335
65 284 1702 180 273
1228 150 2374 1334 2346
1195 292 998 1957 1036
1809 723 2433 1653 454
1147 24 718 2045 2530
643 1290 1459 1651 2434
2557 880 2096 62 2442
704 1718 385 2210 2403
1665 449 237 1380 1620
1792 1349 845 2431 2241
159 1402 392 1479 734
965 1351 363 1789 482
2270 1836 1506 1556 765
2594 2018 88 1539 1336
2361 1498 1224 461 1814
1063 2402 1680 2481 367
897 2091 2341 48 1281
24 1627 2113 1813 1041
1276 1268 736 924 2399
1802 1858 1879 447 2463
2093 113 1902 346 810
2330 1006 1450 1657 1329
181 652 2411 1307 1778
1348 959 468 1872 834
1720 1117 322 1076 435
515 2595 1272 2448 1172
873 451 2631 1201 1354
671 817 1568 1317 423
2048 1553 2586 902 1181
1417 1901 865 2527 989
1571 2003 98 2402 429
2027 2014 1544 905 2038
1192 1017 2071 1743 1358
2098 296 727 1780 446
518 1628 324 2518 2557
408 712 1933 700 298
156 1394 538 2323 2561
346 640 2093 793 1175
824 306 1602 545 1975
685 762 613 1061 1518
771 1066 1297 678 1785
506 767 1434 2114 1923
2440 1934 64 2046 59
349 863 2237 1105 2627
800 1317 2063 1609 671
1848 2214 1849 931 857
2127 1930 576 1959 374
1512 1660 2549 2062 852
152 1340 1812 1140 30
903 1367 529 1880 1770
2095 1019 1011 947 2385
1975 1305 811 2292 708
1091 408 1819 664 1316
1637 2191 194 1395 705
1437 2403 975 414 2103
1058 41 1899 710 1051
1049 941 2447 401 1002
2185 1842 617 209 1535
1613 298 1662 168 712
107 937 2583 433 2444
636 492 2085 256 1398
959 796 646 2446 9
267 1554 724 1569 1599
46 2523 1296 635 1498
208 2291 318 1741 631
1453 766 30 1203 327
255 1949 2 717 2198
1499 2342 2648 1608 672
2109 1144 1259 1963 56
2572 2024 1574 2036 1391
1030 995 2545 2597 1463
2064 505 66 754 2020
2431 963 2458 782 559
1867 2354 2389 560 430
2025 2484 1484 111 1185
1598 343 2215 2104 1764
1693 1805 381 648 1622
157 1395 2191 826 1044
2495 1023 1970 167 983
1741 1050 1512 1660 1405
1903 2212 1477 1078 430
1107 1156 128 2275 390
1886 307 238 1986 1423
1074 988 2068 1607 2005
1848 1403 2214 490 144
378 1539 693 1558 1827
2472 1679 154 1987 1145
2575 2437 1431 486 566
1697 1150 1388 1442 1727
375 520 891 1580 348
2267 816 435 2627 349
1033 357 2247 1783 130
1606 2527 802 1901 2415
1103 910 916 2493 1489
2396 1145 2472 2116 1325
1926 2415 725 1728 2527
1649 1208 1125 2310 1025
1939 1638 1782 333 89
703 2156 2180 1973 2549
598 2525 1434 1716 247
2308 799 1354 555 1217
1721 1129 1204 294 1924
133 1808 1702 396 2543
1553 2321 902 1614 1026
322 1076 2432 1071 797
1360 1929 2369 441 1537
2224 505 1840 1182 287
2588 2442 779 1198 62
370 1031 2365 1433 508
1850 1696 980 311 2172
1919 1273 229 1266 1997
2153 275 619 214 156
1048 1235 1817 1958 1991
1105 708 1757 1690 380
249 990 103 280 562
1920 1366 1067 1376 2303
1500 768 1611 2511 1098
406 2325 1652 132 2317
862 1719 1549 1409 375
212 1025 1800 297 521
50 423 1896 1216 1568
1223 726 1499 2430 672
2160 201 1750 139 2189
2173 1502 1917 1427 1416
789 1281 1578 1820 1812
2278 503 2238 2044 1326
1470 624 410 594 1679
1146 394 257 1032 2365
2607 908 1669 465 1250
876 801 1553 1614 2586
1770 1513 822 246 639
1705 1337 1198 2600 602
1675 953 1733 20 804
988 1944 1607 2477 992
1692 1863 2006 1792 2012
2598 901 449 1171 465
1593 1062 1826 616 1330
593 1489 504 866 1375
1292 2022 2294 114 1286
1913 372 2486 368 1779
1144 111 2494 2484 2356
556 247 1319 2525 684
2327 2149 2478 1982 301
866 72 1271 1226 1103
1076 1071 444 2107 877
1336 384 1521 2594 554
691 172 1497 1582 1573
240 2353 437 1013 2261
2235 366 719 292 1595
1692 2111 21 1873 1546
575 622 1644 2273 1683
2257 791 25 1507 1268
1879 447 1943 749 792
331 541 1910 2161 2280
2118 1246 943 699 220
1984 581 1207 2254 1159
278 1386 1626 1730 1418
2226 31 1567 20 1094
966 818 166 1754 2214
233 697 1397 1965 197
452 2301 1887 2550 1358
960 1982 2175 2149 915
1460 466 1877 1279 2451
1238 1020 1203 1382 152
1666 832 1120 2583 737
584 308 2016 2163 1218
2024 1522 59 509 2440
2578 1473 2315 1428 2332
2131 829 1002 379 2241
139 683 201 64 2046
1432 699 2530 927 2045
49 1816 1119 188 1082
2035 1729 2456 1726 1871
32 1445 746 1557 2526
2644 1131 823 1097 2095
1806 1444 1543 2110 69
1709 1062 405 54 1149
2643 2511 1577 2200 2108
299 2624 2619 2554 2334
373 753 2445 1894 1829
20 905 1152 1136 2226
1506 1556 2349 2395 785
1101 153 1084 338 1706
1686 2112 1115 2596 339
467 639 131 744 2225
1342 2611 431 2031 149
9 796 834 2223 468
934 2183 2632 1452 2149
2145 100 1165 1527 1543
2513 2462 1447 1897 1823
2376 845 2458 2430 2012
1368 2293 564 1995 2558
784 667 1789 482 2416
2214 663 931 636 2227
2006 2131 1863 2119 907
1345 1734 469 1537 686
179 2485 743 2276 2
1106 2152 513 2499 565
261 45 422 2054 2141
1700 288 2326 2142 1310
1078 121 1903 853 2362
309 2336 1108 207 67
2403 979 827 7 2580
1778 1926 1449 1677 181
2404 2256 471 323 2392
464 2066 2460 1414 1069
7 975 2049 704 2403
1850 2139 2172 1585 882
2265 1323 594 2263 173
462 2110 675 100 1570
1970 167 2304 268 1788
2081 1656 2099 2169 1695
1490 1147 164 1021 1723
1425 189 304 1411 1985
2372 2561 1394 1652 2386
992 2005 906 856 1694
1386 2323 2386 802 1394
887 2467 280 2159 1165
538 1683 156 575 619
1694 583 988 1944 117
511 14 1384 1234 569
1486 1090 1289 681 1271
1030 2482 1661 227 843
389 2390 1779 1619 2546
659 2455 1974 1693 473
775 1036 1233 2330 1329
2508 163 519 2069 2253
1285 1492 2023 574 1671
2425 1443 2286 99 2541
401 2241 1349 941 829
1047 1426 108 628 154
390 1448 854 1107 18
1013 529 388 161 246
403 1329 268 794 1566
1436 1940 458 1818 2290
2539 1640 1249 1429 2249
2589 2233 1893 474 2645
263 2400 477 1786 1647
823 2481 2385 1646 1063
1364 526 125 537 31
246 920 1005 623 2353
1954 1480 627 2040 151
2329 1213 2384 1267 2205
2157 738 2026 2279 2324
1977 805 2070 2071 1164
1352 205 1110 1825 1288
823 1131 1646 1011 947
1904 936 1130 1291 1382
2305 1294 2615 985 1258
1600 696 125 537 307
1821 851 2394 741 167
188 2099 2081 141 480
1125 892 1044 1800 1208
545 2500 1553 2321 1762
260 1755 2564 1634 1436
1191 2193 1854 525 183
1735 1153 2181 1787 2377
1463 995 843 407 1661
1469 508 578 881 1534
1064 900 2517 582 394
864 369 2247 1636 2490
395 1753 2320 2206 1322
766 1682 1203 1382 2375
1799 1195 1329 998 775
1399 2625 1141 2287 2008
1541 1126 1825 1458 416
2184 1988 1640 46 1769
1526 1178 2261 2094 2489
1813 2188 1627 790 2154
2319 542 2477 329 470
1895 671 423 1897 2462
638 1800 1025 850 1125
1419 1137 1579 2195 2340
222 1877 193 1440 1304
154 1426 1003 1679 410
1991 176 885 1641 1804
1092 829 401 1255 551
1748 852 1673 1405 1591
599 2579 828 1058 41
61 160 1841 1572 1320
1774 96 2500 412 2394
1986 2100 192 2457 696
2079 1112 579 2215 591
1706 279 1746 2017 1101
354 1166 122 2122 1929
2209 828 342 1899 599
1215 2449 2569 2087 2367
2182 2282 2516 84 2550
2101 2231 2285 812 762
949 909 1149 2599 1826
2385 788 2551 367 2481
394 322 1032 2432 1343
2611 1512 2031 2549 1866
1785 1665 813 237 1312
438 2303 70 888 2465
2331 2352 1472 118 2553
2460 2640 2066 978 2172
358 509 2590 1122 1522
917 877 1505 124 1076
107 1295 2204 2426 1461
68 764 2057 1132 1714
2005 1146 856 257 1433
1632 2375 2380 2492 2328
444 797 917 877 1117
26 2470 503 383 574
2437 973 853 2212 1903
1620 1312 2637 497 2598
1296 635 112 2610 836
2062 2570 1529 496 1560
327 770 387 2492 49
2036 2202 466 1708 0
1697 1706 347 955 153
577 2536 2097 92 1864
213 1683 1643 2520 622
2635 445 618 2061 605
2146 2242 1946 1773 2503
253 2107 1505 2586 917
2476 1271 2187 994 2493
825 279 1888 1316 1584
1049 2232 551 1179 2622
2470 2373 383 1099 2023
1980 1765 1451 1838 930
198 2250 2391 568 2522
2418 376 1334 239 2020
1185 2080 2185 947 1484
1104 1120 889 1500 1666
6 1534 1759 1093 2373
2334 1532 1670 182 85
955 1746 1706 1952 651
629 1212 718 2113 1148
1489 1943 866 72 1969
1098 457 1500 2298 2084
886 1305 1757 816 708
970 1432 1350 498 513
854 1264 128 1448 242
207 67 2246 226 974
708 2495 1690 1970 1788
550 1288 2630 1018 1352
1736 1824 665 128 2222
1592 1055 591 2567 579
1571 1801 2015 442 2402
740 210 258 1199 743
658 2596 1783 956 2283
2359 1160 1953 685 2210
2267 435 444 797 863
1428 16 2291 1591 2332
188 2252 604 944 1816
2583 1098 768 889 937
692 1642 641 1689 1242
1522 1070 2202 580 2590
2283 2089 190 94 2596
2074 1175 640 810 1798
2310 1025 638 1044 869
1135 1038 1876 416 2245
1252 1739 214 2528 1478
686 2630 550 1143 1345
874 1228 1912 106 1204
353 2306 1020 543 1904
947 1019 2080 823 1097
386 1564 1960 1073 764
1256 2506 2595 722 1157
593 1981 448 504 321
576 1126 2137 2245 1930
1675 953 2221 1230 1191
1440 2340 1476 1045 460
474 1243 1485 349 748
320 240 2041 437 2094
2007 1281 2164 821 1340
442 27 1037 1680 1399
1605 1189 587 382 2480
2385 2551 162 1128 686
913 841 56 735 2356
867 1470 859 751 2472
2365 1433 900 1074 881
777 1490 1350 2045 985
493 1239 629 1212 2065
1826 405 1194 248 1062
2544 861 1504 2642 1442
93 1821 1691 2394 2106
953 2226 1230 1907 526
266 1029 199 2181 524
2416 1421 1216 667 1379
1858 63 447 2216 1983
854 1424 2275 2069 495
1256 1332 2506 1284 2279
1959 601 679 1890 1656
2594 702 928 581 384
1518 1116 385 2210 58
1331 571 1810 2424 2504
1556 2547 2395 2502 765
2178 1650 1277 2444 2151
1338 1358 2301 933 1017
562 1527 961 100 990
2047 1057 122 2051 110
1325 1798 1790 53 2647
1738 2277 2384 1267 2568
1174 2203 317 2449 400
1795 1699 2220 363 1964
490 90 2607 908 901
1297 1256 515 2595 694
146 731 2186 2592 1754
120 1169 1365 400 2548
1124 2073 810 346 640
1943 749 72 2628 925
2635 1756 1874 276 1211
51 1040 1220 2489 2408
1255 2622 1092 1049 2380
441 2008 1734 1399 1929
1602 545 2048 1553 811
2133 1840 673 28 2224
519 2128 2508 60 999
143 1458 1541 719 527
1097 2025 1484 2644 847
616 2366 1593 909 2427
605 1245 1384 305 445
226 2246 1324 1885 684
252 1142 2480 587 572
1961 2531 351 1494 217
183 1675 1028 2221 1136
2276 805 1743 2485 2608
2609 1197 1441 1841 2466
248 1837 1149 2621 405
775 1036 292 1799 2122
2537 655 1921 1355 2574
2195 2466 500 1193 1476
602 1712 904 880 1337
258 2262 2033 415 740
1946 2383 2146 695 1088
1972 555 799 451 603
1225 1223 2055 559 2312
1035 838 936 152 766
1924 1912 874 1624 1129
1749 169 534 1303 1601
665 2037 1874 2000 1251
2254 334 364 2585 928
869 521 1025 1125 892
632 350 1442 571 1727
615 1822 724 1569 2120
445 2635 507 276 1177
2536 1148 92 1102 1239
1672 2329 191 1787 1015
2217 1514 2593 2425 1429
2414 1495 1059 1590 2569
667 1154 893 2416 670
1618 1354 2573 160 2308
1768 192 584 308 476
250 2623 177 1371 231
2408 1886 1178 238 440
335 2076 37 2140 1464
129 321 1794 2072 2295
894 1202 1499 2458 2055
1814 463 787 134 1549
2312 752 1202 1232 393
2333 916 295 1486 72
2086 648 175 1995 1974
774 1129 2346 239 1912
1718 1997 2210 127 1437
1152 1136 1423 440 953
1363 562 675 1967 249
559 491 2379 1225 2431
998 1957 707 1900 775
35 1861 993 418 1544
1318 1991 2562 885 332
1425 2205 36 585 109
472 1285 2556 2023 1645
936 152 1291 1812 1203
1530 2065 2536 1148 2404
1333 1684 2000 97 758
689 1299 180 641 1732
621 1295 1121 1642 103
2237 1138 91 748 474
262 1293 2565 1947 75
2229 1187 1865 305 726
498 927 1432 943 342
728 352 1248 606 73
1247 2294 716 2649 728
1008 1419 1514 1579 2539
1383 2607 1900 1669 901
1874 618 2635 665 1736
1127 241 1478 214 459
1551 1347 2501 600 2490
1937 2640 1265 1263 281
1179 2447 1049 1594 829
1157 694 1133 1172 1332
543 119 2618 1781 2638
2174 2507 2305 1294 552
158 56 841 195 2109
2119 2633 2006 2398 967
1954 1999 2314 2259 2307
3 1676 1607 2068 856
2066 1265 2640 1563 1254
1962 1107 242 1504 701
384 1263 1254 702 1937
1997 883 127 517 1273
2176 1168 36 1015 2277
1588 2399 2257 791 1648
2381 1452 1655 1573 2183
230 1288 1488 1387 548
916 2493 1486 1090 866
798 245 1561 362 515
414 1784 1997 883 1919
2566 2602 1848 1403 2409
1763 165 89 2534 2163
2399 2479 791 2441 2322
2444 1461 1163 2178 107
337 3 2068 582 257
1992 460 57 935 466
135 1589 2090 55 1752
1812 1140 897 2091 821
1446 2577 2135 1834 563
488 2175 1982 1668 1555
2026 2279 302 1157 1016
1671 1645 1000 1237 1492
386 1564 1292 2022 1132
678 1332 1408 649 1430
1270 1110 2030 205 1387
17 2125 994 282 2388
614 2434 1847 778 47
1820 353 1238 1020 936
1286 95 911 728 386
2585 1244 75 2254 2565
81 1258 164 1021 2507
1072 1242 1642 2426 115
836 544 1080 2217 46
694 813 1172 2268 678
140 451 368 1740 2486
1808 1241 180 2351 1732
2084 38 457 1104 270
1892 2428 479 1547 590
1829 1629 753 952 1846
534 2028 18 1749 1205
1688 1460 222 1877 2067
1737 1105 824 708 886
463 208 134 318 2519
2411 1730 181 795 278
434 2526 1445 1633 439
492 1745 256 1803 2355
625 1700 1845 2326 972
172 1932 1438 1655 224
271 1079 1785 1665 497
435 2627 361 325 1485
2362 1946 2242 1681 677
1951 2224 2133 1370 2559
1584 664 2584 2491 1091
1895 671 2251 817 745
332 2461 1235 2646 2378
684 2525 2114 914 556
61 1511 705 194 99
1360 2429 527 2124 1352
1575 674 395 1753 1493
981 2263 751 594 2116
2370 2180 1188 1540 1529
2472 1167 1998 1790 2396
2192 26 2278 503 706
1921 1355 1654 86 1196
2027 60 2128 2358 2038
1036 1566 2330 1006 998
1826 1898 123 1852 1593
1161 251 571 697 632
2279 1287 1157 694 649
1658 1240 2222 758 1824
647 239 1096 376 774
171 1807 353 2306 1130
918 1454 554 786 2581
904 2584 1712 700 1198
1164 1827 378 2301 1977
2269 530 688 228 202
2164 821 340 30 1833
12 464 2629 1516 1401
958 149 1830 2361 134
1667 1720 394 322 361
170 94 130 80 357
968 550 686 2124 1128
2326 2142 2311 2225 972
2078 1253 2247 600 2490
796 82 1456 1872 1868
782 1481 2431 1002 2379
513 2045 1147 1490 1106
784 2475 1964 363 145
1018 2124 550 2429 1110
1373 2571 760 2259 742
1217 2631 1955 2573 873
597 1327 1881 1196 2274
1631 2555 541 739 177
2054 1751 215 721 63
1164 2608 933 452 805
1811 610 588 1465 2266
1321 878 42 1537 2124
355 2290 142 2435 711
1797 1909 1771 2568 2052
1231 216 1420 1967 2401
31 2270 1012 1506 785
680 317 1174 120 1169
2075 888 438 1376 1067
1981 1770 448 822 129
964 1837 2616 564 1915
632 338 153 697 1727
2133 2196 2634 657 1951
1976 1525 1631 1219 2623
1957 2509 1900 1669 366
2512 1353 644 2314 760
195 1695 56 1259 480
1766 427 593 1489 1554
520 2578 642 1905 1366
2619 1686 190 299 1925
1678 1383 707 1900 1450
1823 2244 670 2462 1154
663 90 2021 781 449
452 258 333 1782 210
2473 1035 1904 936 1682
1250 1378 144 2409 1900
1865 569 1187 993 511
2162 2122 354 2369 1195
989 929 1418 1417 2386
205 548 1270 2137 1288
1504 2636 1962 861 690
317 2203 1169 2003 803
192 2457 308 1704 1054
547 2572 2605 1574 842
1891 2360 688 1614 326
1909 19 2568 1635 2166
809 2386 2323 989 987
850 1853 826 1637 638
38 487 2213 1610 291
932 197 13 264 723
663 2021 636 492 1380
1734 1037 27 2008 1141
2172 281 2640 1850 311
2460 2629 464 1341 732
2496 734 628 783 419
144 2409 857 1274 1383
1604 549 1603 2436 2421
2291 1591 1741 1050 1118
62 489 2557 1551 2454
461 1769 1409 78 1814
1430 271 1287 1785 1459
2121 891 1407 1814 1719
2188 1947 262 1936 2443
1707 1985 986 189 668
2049 704 11 385 979
1597 136 2039 2559 2405
1744 29 2443 607 978
1564 2318 2022 217 2057
198 2243 313 1917 2173
1730 802 2527 138 1386
2386 1626 1386 929 2419
2340 2539 1045 1249 1992
1967 2316 1363 216 1724
2083 2406 1154 2416 1780
243 1964 1795 315 1931
1230 1907 1886 307 1152
2344 1156 495 2253 2061
1236 986 1985 585 304
630 1047 410 2208 1003
2173 263 1502 1731 2243
2332 940 1118 631 1473
544 1008 2217 1514 1640
1408 649 1459 1651 738
2212 486 2521 860 328
943 1106 2045 1246 1350
578 881 2005 1146 1031
872 2525 814 2339 598
607 1984 75 1947 1563
2290 260 1007 2564 1027
827 414 1718 1997 2403
1655 296 1311 2220 1932
1551 600 489 1253 1406
1137 2587 460 1046 1877
1193 389 2601 1779 2609
2642 1727 861 1209 1150
2563 2541 1572 1001 1579
459 948 2542 1543 761
946 439 1557 402 1308
563 1994 1282 1487 2082
2047 1823 2612 962 2053
1504 1004 1107 1264 2544
2171 1677 585 1985 976
2106 1678 794 707 1378
21 1838 2111 1094 1980
2149 1269 1573 1497 960
327 770 838 1503 766
2197 1336 2581 2018 560
1777 9 2592 2223 2186
1348 82 1531 646 796
377 625 1845 1918 1310
1184 416 1038 2603 1541
778 178 1430 271 643
935 1304 2451 2067 1688
1277 115 2178 2401 1072
530 146 228 2186 1793
1030 1941 644 407 1587
2341 48 335 2076 789
682 484 2266 610 1359
112 2610 2597 1545 1080
658 2364 1636 1674 155
2465 2236 293 2540 1674
1031 1534 756 272 383
899 1145 1679 2263 859
2041 437 344 5 1139
187 1068 536 1882 118
2423 642 2332 940 184
450 2621 2338 291 248
2342 1756 2648 276 840
1137 2587 2195 2466 1440
430 328 1870 853 1867
214 459 2153 522 1252
1987 154 628 783 1998
1014 297 151 2059 212
8 1349 2379 401 516
668 2064 1707 532 2613
196 1533 2577 1588 499
2185 847 617 1185 2484
2627 325 1138 102 474
1271 1226 994 282 916
2255 1446 2390 2135 1994
111 2030 1270 2025 230
1103 910 1969 1375 427
1723 1147 985 513 1350
666 358 1719 2590 375
1755 1671 1634 1000 1285
2604 1575 47 395 1322
114 1190 2483 2516 2531
1215 456 2087 1059 1590
2077 303 2147 2177 227
1573 2478 919 2149 691
1988 787 46 2523 461
840 2055 672 894 1223
889 2298 2511 2643 1104
2439 2079 501 1832 1764
1427 687 896 2173 263
2438 1453 340 30 770
1388 1448 1264 1150 1962
1071 917 1089 124 2107
785 1364 954 125 2270
2606 189 736 924 2042
2034 2033 443 105 2262
1968 1602 2107 2048 2292
2216 2211 2166 2052 1751
453 1320 99 1942 705
820 852 1065 1866 1741
2353 903 467 639 957
1249 1429 2541 1214 1008
365 293 2236 608 2469
2118 1744 2154 2138 1341
2135 1834 2004 2300 1282
1160 58 685 762 385
2020 287 505 844 376
2360 2532 228 688 1339
554 1937 918 384 2503
509 939 1122 0 2024
443 2108 1875 2034 1906
1894 199 2388 620 266
2623 2278 1371 2238 290
1040 467 2489 131 76
1165 213 2145 961 2467
2526 2152 32 2436 946
1081 703 2370 2180 2062
2404 2256 1239 1864 977
256 1803 1456 1857 1309
438 1100 339 1670 2075
2337 499 1648 1483 2035
383 1099 1469 508 1093
1963 617 2413 1842 830
626 2498 2591 1558 2649
2124 441 968 1345 1360
719 2603 2150 300 2235
858 88 1558 2591 2018
2488 2439 126 1324 2246
1038 527 2429 1184 1458
22 1623 1776 2575 1828
2110 2542 961 2145 948
2038 418 804 35 1234
2420 1466 2194 1587 2610
511 1873 757 2111 1865
2256 186 323 1301 2428
1804 332 2134 1576 379
891 1580 1814 463 862
35 2508 2105 2128 2038
2454 1439 1253 1406 2501
2501 369 1722 494 1990
1026 1181 876 801 545
1599 835 1766 427 1569
1668 23 488 2435 1283
765 785 1162 954 1836
402 746 2228 1445 946
693 2591 2498 1536 1539
409 313 1843 428 2243
1660 656 2062 2570 1748
1272 2448 1902 2524 798
1999 200 769 234 2259
29 702 1435 1984 1263
2057 1132 1415 1286 1073
2509 2150 1669 465 2235
2468 1799 403 1329 2453
31 2270 930 417 1980
50 2348 800 2092 893
1918 1210 1599 835 1822
2158 1806 982 462 223
1113 803 2402 1801 98
1443 500 99 1052 2563
1497 1655 172 1452 919
842 1391 2451 2067 2572
1322 1493 2604 674 1890
332 2461 1548 1594 2447
388 161 950 2240 1005
2201 897 552 2341 1820
1045 1249 2563 2541 1419
348 862 2519 1549 520
608 1920 293 666 2303
557 224 2367 919 2569
1671 1645 145 148 2475
1316 2017 2491 2459 279
732 2172 2460 2139 980
2595 722 2448 159 1133
1941 1463 2597 1545 83
1648 1483 1268 1862 1533
2156 1752 1973 1280 2031
80 456 1215 170 2414
1673 1405 653 1118 2291
1112 83 2194 2567 742
1928 909 1330 1186 1898
2461 1639 1576 2380 1255
2162 143 42 921 527
2158 473 1724 2272 116
1413 1843 409 586 2039
848 1791 1764 558 1832
1554 2072 1569 174 835
1022 2349 2100 68 125
377 625 1772 2143 169
811 2292 1181 1509 824
2260 2421 1404 1604 549
1844 1404 2260 1742 1603
2088 1142 382 1624 587
2219 865 1901 312 1725
1262 1676 906 856 3
2055 1775 2019 840 1499
2251 817 1788 380 1317
2213 457 1906 2034 38
133 2511 2240 889 768
195 2452 158 219 2345
2046 831 168 399 139
1891 326 876 2321 902
325 6 102 1759 1893
1896 482 2092 2645 259
161 65 2240 1702 2368
1217 194 160 61 1637
1913 657 2179 996 912
1079 2598 1665 449 2637
165 344 2534 2417 2016
659 2060 849 1805 1693
747 1542 1828 1776 2366
1711 382 1204 2088 1912
603 428 34 1972 313
1418 421 929 278 483
1936 790 1041 2188 2113
807 1684 2518 97 518
524 1302 266 753 1644
2506 2331 722 419 302
177 1371 1356 2280 1219
1075 2380 1682 52 1639
1742 235 1308 1844 2526
1492 1027 574 706 1755
2628 1393 206 1738 19
1783 155 1467 1033 658
826 2308 1618 1853 194
870 2182 89 1887 1782
2380 1594 52 2378 1632
544 1039 1008 2249 2184
2547 1048 2502 1817 176
2426 1121 1732 641 1295
2520 619 1086 1683 2153
1846 2273 923 622 1629
145 1583 472 1285 259
429 1019 1011 2481 823
1731 1786 2039 263 1010
1533 2032 1588 2399 2337
869 1922 2310 570 1956
1163 2558 2444 737 2293
1847 778 738 1430 1290
2317 132 987 2561 890
264 776 2141 269 723
1685 1748 1327 1673 1921
1438 1573 1311 172 1269
984 679 601 2169 2050
167 2106 268 794 1450
1333 2266 1824 701 1811
2167 567 2320 2206 2157
1560 1748 820 852 1050
227 407 995 1030 2136
399 2580 831 7 298
58 1688 762 222 11
2555 510 739 2309 1851
781 1066 1620 1312 1079
937 2084 1098 1120 2271
361 370 1343 2365 561
711 1555 1283 1361 2175
1565 1372 901 1250 2509
299 339 1686 1100 1532
1583 148 1285 1492 1755
1213 523 1831 1787 2181
1591 1921 1050 1654 653
15 2540 1467 2364 2236
905 1733 1136 1191 183
542 1262 1607 2477 906
725 1449 109 585 1926
1378 1450 2409 93 707
410 859 1047 154 1470
367 1801 788 1141 2402
121 677 1314 2362 1946
1632 2375 2473 1035 52
1086 991 619 1643 923
1240 1628 2371 97 2000
1654 86 656 1851 1327
956 1377 2596 1670 190
2137 679 548 576 1959
1304 1663 2067 11 1460
641 1856 689 2422 692
1788 380 1109 886 1609
96 1151 2566 2602 93
907 922 341 2012 1873
849 1974 648 1227 659
117 578 992 2005 756
2169 1374 2356 56 2081
311 2383 882 1850 695
861 1084 2636 153 1727
2117 2647 2396 2074 867
2083 1170 446 1789 363
763 1772 972 1310 288
2122 110 1057 1166 1799
875 1808 773 1617 133
234 2104 343 1717 200
2318 1390 217 539 2457
904 1750 602 2160 2600
1056 1084 2299 1101 955
1411 532 189 2606 1482
432 57 637 1083 104
949 381 2616 1805 405
2424 615 2463 724 2504
1624 2514 1924 478 1204
2011 1198 2442 1337 2584
455 2139 732 2258 1585
2349 2395 68 764 954
1869 209 2234 1842 2019
391 247 872 598 2525
2571 343 2567 234 591
1437 2403 1229 780 704
1491 375 2121 891 862
435 361 797 1343 1313
874 278 1924 2411 421
2454 2588 1552 2043 494
1490 71 565 513 2615
2272 2086 1420 2316 1596
2377 2415 1735 1029 1606
269 1871 147 945 2433
153 1442 632 1697 861
1735 725 191 720 2415
147 945 1758 2337 1726
1417 1307 138 181 929
1647 2243 409 1427 263
641 2351 1241 1299 1642
183 1675 2358 905 2027
1399 968 27 469 441
1728 1029 1787 191 1725
1111 618 665 2275 1251
1305 2292 1105 2267 824
2568 1635 1168 2056 1393
2325 1127 2528 2317 214
1966 1972 1298 140 428
852 1866 1405 837 2291
1633 2436 2526 1604 1528
2485 2071 1192 805 254
1414 1516 2138 2443 464
2268 2355 245 1309 771
609 1101 1056 651 1927
411 244 733 2603 416
1050 1654 1660 656 1673
1205 531 1303 2143 2028
2189 1705 2043 895 2160
63 1357 2216 2211 721
431 2031 135 1589 958
514 1322 481 1034 395
1849 931 146 731 818
148 709 1492 1027 1671
1177 1475 634 276 1874
380 886 2237 2063 1690
2032 2387 1729 261 147
2373 1893 1099 1615 2556
2249 1992 432 57 1708
2363 2296 2599 616 54
306 1774 545 2500 741
2163 1961 1275 351 539
2215 1832 2079 1501 1598
1094 2014 1838 418 20
1375 321 1554 2072 1599
52 2378 2618 1781 1639
1218 320 476 51 238
104 1407 2184 1988 78
903 1367 639 129 669
1362 2533 2277 2102 1797
625 1700 1601 763 371
2503 2354 554 1088 2242
2394 741 1053 1762 1023
1608 2342 2234 840 2019
1828 2575 2198 2264 1542
1455 1884 2186 2592 1173
976 1859 2171 1449 795
372 912 996 1441 1955
2406 446 806 2083 2098
2646 1767 2638 1257 2378
333 1887 870 1638 452
1636 2283 1115 864 658
1919 1273 414 2538 2510
1066 678 1312 1408 271
750 1647 2405 1010 2400
2181 191 1672 1213 1735
1690 1970 1609 2304 983
363 2416 1699 965 2083
53 1998 392 1167 1325
1598 2144 1832 2410 713
782 2012 963 845 1863
595 1849 530 146 203
2295 2311 1222 669 10
1170 1931 1422 2381 1964
48 536 2076 345 218
2052 661 1362 2533 45
640 1167 53 2126 2074
1036 1566 2468 1195 1701
297 1044 892 157 1025
2402 1113 1680 442 1571
792 267 2463 724 1858
245 1309 362 1531 1745
1548 2134 1991 176 332
54 849 1709 381 2060
948 1570 2110 982 2165
573 1335 2065 772 2306
1299 875 1702 2543 2351
454 1919 776 229 883
1161 251 2450 1971 1965
701 1359 690 2266 1658
1281 1820 821 1238 152
2530 1041 790 24 699
1224 461 1549 1409 1407
673 211 1840 754 2300
2328 944 2252 2492 1119
590 101 885 1641 1958
714 1007 2274 1945 1940
1888 39 825 730 2510
1291 1812 2201 897 1238
1023 1151 167 2106 1657
377 2120 1918 1210 615
1447 1379 2053 2462 2244
1658 1111 2222 242 1333
1876 2429 1018 1038 1126
1149 1330 248 123 909
1338 2018 858 378 2197
1776 2366 2264 1928 1623
1302 2123 952 373 1860
2523 1342 635 431 2361
1672 523 1889 2384 1213
1764 713 1501 2439 1791
567 2164 2206 340 1340
1862 1282 2515 1517 2577
589 1868 2343 82 113
2398 417 765 785 2270
1368 1194 405 2616 2487
418 1451 1861 1765 1094
2132 2035 277 2456 1908
1182 754 1815 673 879
500 1193 1052 2601 1197
1869 830 2413 209 1535
428 1597 1559 1966 409
1604 316 1633 2260 235
1310 1457 10 174 625
1644 1860 622 1989 1302
1290 47 1651 2324 614
857 1274 818 203 1403
818 203 1754 1793 1848
311 980 882 1400 2172
2555 398 510 1685 86
1 123 1898 2230 1330
2148 1395 1637 2308 2029
1028 2221 76 2408 1191
455 2288 2002 2258 599
2445 1689 2422 2125 373
2343 113 362 1531 82
1155 792 1983 2463 1802
2613 1778 668 2171 652
2159 1846 1989 2467 1829
2111 1234 511 1838 418
2577 1588 1834 2257 1483
2241 907 967 1792 782
33 1530 577 2536 2256
757 1384 1245 511 1546
318 1741 2611 1512 837
846 1870 430 2552 1477
1835 1872 82 1348 2343
393 1715 1842 2019 2413
2505 1867 1477 2070 328
2456 1726 517 2433 1908
468 1868 1348 796 82
2012 1546 2376 757 922
1251 634 1206 1177 2635
1523 2108 2200 2313 443
2137 1825 205 1126 1135
460 1046 935 1304 1460
2436 2499 2152 970 549
925 1969 792 267 1802
448 822 273 2368 1367
655 714 1355 2274 676
2331 1472 419 2582 1068
4 74 420 79 2382
2532 1777 2186 228 1462
767 2370 2114 1188 496
855 1220 1423 440 2408
2550 1782 1638 2182 933
1819 609 1091 2510 2641
2056 295 1831 645 206
2127 2297 1158 1575 601
1392 1614 688 326 2360
1301 274 590 101 1817
102 1759 1009 2556 474
1524 2445 17 2388 753
1043 1897 1317 745 2453
1616 50 893 482 667
2453 1895 2468 1043 962
255 1330 1852 1 1928
342 710 828 498 1058
1372 1233 1250 1378 1957
312 802 1606 865 2323
793 2093 1561 362 113
2362 853 430 973 121
1020 543 1382 2618 1257
375 520 666 1376 1920
2034 2298 2108 1523 1610
526 1152 537 1423 2226
277 2456 127 517 1871
2166 2052 1393 1362 1510
926 232 87 470 331
2614 33 352 577 186
2346 1204 1129 382 1228
912 657 1619 368 2196
2150 300 465 2637 1538
2558 2487 2271 221 1368
553 633 2574 40 533
2173 2522 1416 198 896
1822 1457 1569 174 377
1784 2538 883 1809 1273
888 1581 2303 1905 293
1327 1673 1196 653 1591
1649 2250 1956 570 286
739 2309 506 767 1664
421 1204 1721 1711 874
190 301 2089 2619 1377
868 976 1677 725 138
651 2641 1746 609 2538
1593 2264 1898 2366 255
878 122 354 1180 441
819 2245 576 1135 733
2183 1795 243 2381 1269
727 1311 296 2548 1438
298 39 808 360 408
399 815 2046 1613 59
540 711 2632 142 2175
1627 262 2350 2188 1410
1254 1521 384 1265 413
2134 2398 176 765 1804
870 2155 2534 333 415
355 2290 714 1007 1436
83 1463 1587 760 644
705 2147 1511 453 303
1176 1103 925 1969 1879
232 992 470 906 583
290 231 458 1818 2192
1200 1314 1088 677 2146
1410 75 1244 262 607
1958 2638 2428 2392 2562
2521 839 717 486 254
2289 2287 2625 2053 2001
1315 140 1370 2196 586
651 338 1101 955 233
2471 2132 1116 277 2359
1014 1261 2307 627 2314
372 2573 1354 2631 2601
662 2310 2218 2029 1922
366 775 1372 1233 2509
1948 590 2562 885 2638
1158 576 679 1687 2127
764 330 1132 2576 2130
217 539 1190 1763 1704
690 1264 701 1388 1504
612 735 1535 2109 841
363 1422 1795 1170 1351
251 932 1971 13 1810
1740 586 140 1951 1843
675 1420 1231 1363 462
2292 1509 1737 444 1602
427 1879 1489 1943 267
983 1788 851 1109 2304
1965 1810 721 1983 251
1201 1740 451 1298 1625
1589 871 55 126 2156
473 1693 1227 2086 997
824 708 306 2495 1109
1371 2238 2280 2617 1525
2197 1017 2552 2070 1338
300 137 2637 497 244
2101 2231 2347 2255 1061
1094 359 1451 21 1567
1367 1134 129 321 1222
2624 934 1283 915 488
2450 1971 1858 63 1810
928 1435 2254 75 702
585 1411 1425 986 2171
1054 476 696 855 307
1998 154 1479 2472 859
1498 1039 461 1769 1407
622 2467 1860 1846 213
155 494 310 369 1552
1804 332 1048 1235 176
1279 1760 2340 2539 57
727 2098 680 806 120
2231 2082 2255 1446 613
175 564 2293 964 648
448 504 273 2476 1134
1273 1437 1266 1229 883
1987 1790 1325 2472 392
1562 1261 2259 769 2314
2222 2371 1206 1240 1333
2625 2015 2289 1950 442
599 2288 2209 1855 485
803 429 98 1389 317
2634 28 1517 2179 657
1433 1694 1074 988 578
341 967 907 1260 2633
1140 755 2091 187 2164
2287 1180 1399 1037 2051
2440 2469 424 509 365
2120 2504 571 2143 531
1712 2170 2491 2357 2584
1873 1792 963 2376 1692
2459 588 610 2299 2017
804 1765 418 20 1544
442 2001 1113 2625 1801
938 2041 165 344 584
2299 1584 2459 1056 2013
1827 786 1539 858 1454
2312 2234 1608 1869 393
77 1519 844 2064 1096
237 1380 2355 1398 781
1415 1286 2531 911 1564
1000 1237 2470 2373 1285
939 59 0 842 2572
1185 847 654 1488 2644
1284 2352 1016 2167 2157
1328 804 2038 1733 2128
2642 1303 2544 531 1749
638 2218 2310 1853 1956
1488 2630 1288 654 1270
1065 958 2156 1752 2611
1758 2337 2322 1648 1729
1508 415 105 2155 1199
1906 1508 1523 443 2213
945 1839 2337 499 2456
0 842 1083 2451 2024
1206 634 2371 1874 2000
1544 2128 2027 35 1550
409 2405 1413 1597 1647
2307 2059 2136 1014 2077
1139 584 1471 2016 320
2606 211 66 532 25
494 602 1750 1722 1705
756 272 2302 898 503
2530 1350 777 1147 1432
1613 64 139 1934 815
1447 1166 2051 2513 2612
1181 1509 801 253 1602
979 547 1412 2605 1391
548 2169 2494 230 679
122 2612 2008 2047 1166
1797 1909 45 1510 2211
2612 2244 1950 1823 1447
1357 2141 2211 971 215
1608 1202 1499 2312 1223
206 1738 1889 2384 1635
1564 2318 1073 729 68
630 402 2140 108 1426
2177 2040 2077 1496 1480
2296 1622 1805 54 849
495 605 2344 1087 1424
1560 820 1081 703 1660
817 380 800 91 1609
844 1482 532 66 77
1807 2404 493 1239 573
1263 978 1069 29 2640
2605 1574 1688 1460 1391
1278 3 856 257 337
2253 390 1156 1424 999
2071 2552 1017 1977 1870
2070 1743 805 1017 2505
1599 2295 1222 1766 174
1175 346 589 810 1835
1124 2647 1798 640 1698
85 1366 1532 642 438
1796 1464 336 1221 48
2136 1496 227 2059 1661
130 404 1347 170 2247
1055 1501 1764 2215 501
1097 2199 1131 2185 947
984 480 1024 1695 1374
502 613 563 1994 2471
1699 1421 1780 2416 1789
1300 1666 1104 1098 221
833 166 646 2446 636
1227 1724 2316 175 473
2203 1495 1059 2449 1215
1605 478 1624 1711 660
1123 2464 1925 2284 190
1280 2420 579 2194 135
218 2007 789 1281 1140
1616 50 2233 2348 2645
793 2126 810 640 1902
320 240 51 1040 1178
162 823 2644 2385 1143
518 779 283 2357 2442
1085 2529 2350 2565 577
806 1993 2406 1780 727
601 1024 984 356 2081
729 1054 1600 696 1022
1061 193 1979 265 2285
2479 1771 2441 2176 2533
730 360 39 827 1933
1703 558 848 343 1598
2253 14 2344 1550 569
1450 1657 93 1821 794
1509 253 1968 917 2048
2643 1523 1906 2298 1875
841 528 158 1963 612
1543 982 100 961 1806
1861 922 1451 1546 1838
2540 956 658 1115 70
790 1627 92 1102 24
1319 684 1885 814 2525
252 2207 572 477 2480
751 2117 867 1145 2396
1698 2116 2396 867 2647
927 1516 699 2154 12
1260 535 967 2134 2131
2010 2143 615 1822 2504
1719 2590 1409 78 1491
1701 1385 1057 354 1195
621 1829 373 692 2159
1537 1352 1345 1321 550
17 2422 1289 2445 1856
53 2093 2524 640 1798
819 1890 1959 2604 1158
1183 2038 1550 1328 2508
18 163 534 390 1004
2395 2502 764 330 1162
941 967 2241 535 1863
1839 1953 499 502 277
1370 1182 28 2634 1315
1938 1804 1548 2398 2119
1282 1487 1517 2179 1446
2077 2512 1661 2040 407
1876 1687 1387 1135 576
2154 2443 2188 1744 1041
1713 980 1585 732 2172
336 1221 2058 2228 2076
422 2054 1653 215 269
2193 972 525 1346 288
377 2120 1601 2010 1749
309 1791 713 67 2410
961 2520 1527 213 2542
695 1088 1200 2503 413
227 1942 453 2482 1496
1853 555 2308 873 2218
1452 915 1497 934 2478
1538 2235 1914 1565 2509
216 2293 175 2316 1163
1528 970 565 1878 32
884 522 1643 1478 619
699 2138 1041 1516 1813
105 1939 415 2033 2534
2031 2549 1589 871 1065
1016 2167 2324 2320 738
1570 1596 462 2272 2497
280 1860 2467 990 2123
895 2600 1705 168 1750
475 926 2339 87 541
1385 1595 2369 292 42
539 938 1763 165 308
1340 1833 1140 755 340
223 69 1806 948 1570
1909 19 1510 314 2216
1659 2157 2553 2026 2320
2405 647 426 136 750
1695 2050 2356 2494 1656
610 2011 2459 484 2491
1449 668 1985 1411 1778
1585 1400 1069 980 1850
1427 1917 896 2243 1416
552 2341 1258 335 1578
2632 1283 934 711 1982
2277 2102 1267 225 1771
2059 157 1496 303 297
2401 1163 1461 1277 216
2390 2135 1619 2004 1487
871 1529 126 1324 703
1787 199 523 1672 1029
1060 1638 2550 1887 2516
960 1931 43 1269 1452
1039 2249 1769 432 104
1484 2199 830 1097 617
1884 1777 1173 1462 2532
1090 284 681 180 2476
1410 1041 1936 1627 2138
1750 310 494 201 236
512 598 2626 2639 391
303 826 705 850 1942
1326 290 706 458 1945
288 183 2142 1028 1191
1592 83 1545 2090 1112
1476 1045 1197 2563 1137
368 1370 657 1913 140
1977 1454 560 2552 1827
2264 486 839 1776 1949
2185 2080 209 830 1097
5 388 1875 950 623
1578 1820 171 353 1291
1122 0 637 1083 1522
1169 1389 2087 2449 317
433 2426 2351 2543 1072
2329 1236 109 720 36
481 1034 1833 1659 1753
477 572 2400 2115 1010
410 439 630 1426 624
1058 485 220 342 2002
1229 780 2359 1160 1718
45 1510 2054 1751 1357
1431 853 328 2437 1477
2262 1610 2034 1508 1396
2227 857 966 818 490
1764 591 1055 2079 848
1510 314 1751 1155 63
1429 1296 1214 112 544
289 2029 1956 2148 662
1606 2273 312 575 2377
446 2381 1438 296 1170
1136 1191 440 1854 1675
2000 1824 1333 665 1111
468 959 9 796 1455
879 1315 1182 2133 715
131 744 525 1346 76
930 20 526 1152 31
2214 490 663 90 1171
1557 746 37 2140 402
1245 2430 757 726 2376
179 450 2248 44 1852
613 1061 1994 1979 812
2252 1092 2239 2328 2622
2092 2645 748 1009 1616
2019 1715 1775 1869 1608
921 719 2509 2150 1538
596 1468 1515 1674 15
1243 349 1757 91 1138
2302 898 1976 1525 2278
551 219 2452 2232 1092
1611 133 1617 1577 2511
1863 1002 2131 782 941
2389 1088 2354 1314 1773
1416 1731 1559 2173 1427
2053 2289 1379 1823 1950
416 1930 1135 1126 733
226 2488 1108 67 1188
130 2490 1347 1033 864
291 44 2230 450 487
1760 2184 2539 1640 432
1095 1922 662 286 568
1317 745 1609 2304 1895
2232 1119 219 1816 2328
2105 2069 1424 2508 2344
1207 75 2585 1293 1984
1994 1979 1487 2546 2231
1547 977 33 1530 323
1268 1862 924 2515 1588
732 2288 2629 455 1713
2314 769 1353 1999 1373
1603 1604 1844 1404 316
240 2353 1040 467 1526
2213 1199 1508 2033 487
751 594 1470 1323 899
2198 1928 255 1828 839
981 316 173 594 235
758 1658 1465 1811 1359
863 1117 816 1737 435
771 1297 1745 515 813
202 2474 1339 326 412
417 1567 785 1364 1836
221 737 1915 2558 1666
1724 462 1967 1420 2158
2219 1644 575 923 524
231 597 1818 1881 1355
495 128 1736 1156 854
1192 743 2485 969 210
1771 2568 2176 1168 1362
898 1525 1326 290 2192
1332 1284 649 1016 738
1976 1631 331 541 1371
23 182 2334 2554 633
1060 2498 693 84 2483
1123 1783 2596 357 1115
80 397 94 2089 2464
762 222 1061 193 1663
2482 453 1001 2545 995
2008 1950 1037 2612 2625
2002 2258 485 1855 455
1950 2001 2244 2053 2625
142 1361 1436 1940 355
1405 837 1118 631 208
1737 824 1968 1602 1305
2151 964 1995 175 1650
911 728 2620 1248 1292
1794 2072 10 174 2311
2060 1761 54 2599 1805
356 1890 601 1575 2099
1906 1500 2643 2108 457
347 2017 2013 1706 588
673 1815 2515 1517 28
933 378 2550 84 1164
2238 2044 2617 117 898
1067 293 2465 1920 1468
2412 2251 983 1788 745
1258 335 1021 37 2174
650 1130 573 1335 543
2040 2314 2512 1954 2136
873 1637 1217 2148 1618
2570 1664 496 1923 510
1125 1956 2029 638 1649
744 1794 1346 10 2295
2019 1225 393 2055 1202
344 5 2417 1875 1471
2259 2307 1373 1261 2512
940 348 631 2519 2578
1420 175 216 2151 2086
1652 2528 2561 275 2325
2457 2057 1704 1415 729
1042 512 329 2639 2477
1034 2335 1659 2157 395
2474 1026 326 876 2500
2032 2387 2399 2479 1758
538 989 1394 1901 809
2335 1847 2157 738 47
1739 890 2317 1652 2528
972 1310 1346 10 1700
915 2619 301 2624 1925
2622 1816 2232 1075 2252
2205 1213 1015 720 191
1329 998 794 707 1036
1068 302 1882 1630 2352
1473 184 1428 16 940
72 2628 1226 206 1176
1100 2554 299 2281 182
47 395 2324 2320 1493
974 207 556 1108 914
1533 2032 2035 1729 945
291 270 1474 2621 38
2161 506 2626 1434 475
1419 1137 1992 460 1279
789 1578 1464 2174 897
840 1475 1775 2648 1608
113 82 1857 1835 589
569 1424 2061 2105 2253
516 158 528 2452 1612
2374 1912 1228 587 774
1979 265 2546 2609 2101
1568 2092 91 748 50
1714 1600 954 125 2395
1936 262 2097 92 1627
2543 1732 1299 1808 2204
2553 2026 1068 302 2167
1513 2261 246 920 467
846 1773 2242 2581 2389
2021 771 492 1745 237
56 2494 913 1144 1695
2442 484 2096 2011 283
288 183 1733 763 1328
1116 277 2210 127 1160
1520 1392 688 228 1339
787 134 2523 1342 1224
1314 1903 2389 121 1681
1761 2427 616 1186 2599
310 1467 155 15 1990
881 1667 1146 394 370
1828 1186 1928 1593 747
2569 400 1582 224 2449
529 1880 161 65 822
354 42 878 2162 1360
1529 496 1324 1885 1081
2000 2037 1684 1240 1206
987 2419 2386 132 1418
1759 1093 2556 2023 2470
2346 759 774 2480 150
2492 1075 766 1682 1632
963 757 2430 1873 2229
1725 524 1029 1153 2219
2461 1639 2646 1767 52
2431 516 1232 1481 1349
1639 1632 1075 1594 2622
1269 2220 1655 1438 1931
420 132 2419 2372 74
695 1696 1200 311 2146
1168 2056 1015 1831 1738
1143 1063 2095 1011 2551
1418 1394 989 1386 2372
661 1758 2533 2322 261
620 17 645 1524 1894
430 2242 846 2362 2354
1487 2546 2179 996 2255
34 662 603 289 1095
471 323 119 1948 2638
170 404 456 2078 1590
1774 1023 96 1151 1821
2130 1714 1162 954 2349
867 2647 1325 2117 1167
547 2572 7 59 399
1836 1938 417 2134 1260
2322 1648 1276 1268 2032
1010 759 2207 750 1786
2178 611 115 1461 1363
1801 98 1571 788 1680
975 827 704 1718 979
977 573 1530 2065 471
2168 2039 136 1413 1786
1780 2098 1421 2083 806
534 519 163 371 169
1220 2489 440 1854 1886
2602 1403 1678 1383 1378
558 1791 1598 2144 848
1307 294 795 652 1721
745 403 2304 268 2453
612 393 1535 1842 1869
397 1215 80 2569 557
1725 868 1728 1735 865
1789 1154 2083 667 1421
105 443 2313 1621 2155
1096 204 239 106 77
483 2372 1418 2382 1626
2610 135 1545 2090 546
41 1603 549 1404 710
2125 689 681 1856 1689
1473 184 642 633 85
2504 1161 1710 2450 1810
2541 1214 1001 2545 1514
1642 2204 1732 2351 1295
747 2363 1186 2366 616
323 1301 1948 590 1958
1825 1321 1541 1352 1038
2458 2229 2376 894 963
2379 845 559 1349 1232
877 1064 124 2517 322
776 229 269 1871 1809
733 374 643 1290 614
533 355 553 1361 1555
1878 1742 1528 2152 1404
1078 860 2212 1431 566
770 514 1503 481 1753
1501 2488 713 1832 1540
815 2009 64 939 424
2102 1276 225 736 2479
2357 880 2096 1712 779
607 2138 1410 1414 2188
1277 737 1650 1163 832
1856 1894 2125 17 952
731 2085 2592 834 166
1255 379 829 1576 941
1586 798 698 1561 2595
1059 1169 400 2087 2367
1810 2424 1983 2463 1161
1574 2036 1460 466 842
1612 8 2345 2239 516
1897 2468 745 403 1895
1722 1551 2501 62 1406
116 997 473 1974 1596
1871 1908 945 1839 517
2318 1390 729 1054 2100
2430 559 1223 845 963
2013 2491 2170 2017 610
1401 1069 978 464 1585
1594 1576 2378 1318 1639
670 962 1823 1043 1379
1710 2450 1802 1858 2424
2089 691 301 397 2478
1468 70 2303 2112 2540
265 1476 2609 1197 2587
990 1989 2159 1860 1527
1566 2453 1897 1799 110
608 2009 365 1515 358
1093 1077 2023 574 26
1953 685 502 613 1116
1325 859 1987 1998 867
1682 52 1382 2618 1632
2500 412 2321 2269 1053
315 1351 1422 1964 1583
2493 1996 1090 284 504
542 1042 470 906 1676
301 1497 691 915 2149
2533 2322 2102 1276 2387
572 587 2374 1189 252
1011 98 788 1646 1063
453 995 2286 227 2147
2498 2282 1494 2620 1536
735 847 617 913 1484
1743 969 2276 1192 717
2631 368 912 372 451
2621 1915 221 270 1837
2439 2246 1540 67 713
76 2408 1526 1178 1854
369 2247 2501 1253 1347
2584 2459 2011 1584 2170
2375 327 1075 1082 1816
504 866 2476 1271 910
2356 230 913 2050 111
851 1109 741 1975 1970
419 2582 1402 2535 1882
2560 223 2158 1570 1596
1536 2282 2483 1558 693
498 1878 970 1106 710
1053 1762 2474 1026 1774
1552 2454 2490 1253 1551
101 2130 1641 1162 1817
1773 413 1521 2146 1088
571 2010 2424 615 2120
254 1870 328 2071 2521
302 1157 1630 1133 1284
772 552 81 1258 171
999 1550 2253 1183 2128
2235 366 1565 1372 1957
2641 730 1888 1819 1784
2643 1611 950 1500 889
1373 2136 407 2307 644
962 110 2047 1447 1897
1711 483 421 79 1924
1834 2257 2300 25 1862
1060 2182 351 1494 2282
1032 2432 1064 582 124
283 518 97 1628 682
1580 2315 463 208 348
1643 2145 213 1086 522
1949 328 254 1431 2505
568 1917 198 1095 1416
1830 2361 836 1498 787
2126 53 698 1561 2093
872 1319 247 914 1434
1528 1308 946 1742 1445
138 865 1417 802 868
214 2317 275 884 1739
352 577 606 2097 1911
1813 2045 24 777 943
2022 217 114 1190 1415
1884 1520 228 2186 1462
2387 1797 2479 1771 661
1939 2155 1621 1275 870
345 2496 108 628 2582
1239 1864 1212 1085 1530
2574 40 1196 653 1916
454 1919 319 1784 1927
1008 2249 1419 1992 1760
2112 1674 658 1467 1468
1514 1579 2425 1443 1249
522 1543 2145 2520 1444
2351 396 1808 875 433
1150 18 2028 1448 1504
2593 2425 843 2286 1214
2347 2255 389 2390 1979
176 765 1641 1162 1938
224 120 400 1932 1174
820 1065 703 2156 1512
1887 84 2182 1060 2301
1143 367 1063 686 2385
560 2070 1977 2197 1867
2352 118 2167 567 1659
2334 488 951 23 2281
1851 177 1664 1356 398
1237 2589 2373 1893 472
779 324 1406 518 2096
1915 1650 737 2271 964
715 586 1315 2224 1413
2497 116 2158 1596 1570
987 275 809 2317 1394
1235 2646 1958 2638 1318
1579 2195 1443 500 1045
1027 1436 706 458 260
1244 1293 606 2097 262
1274 1691 203 285 2602
742 591 1592 1112 1717
1393 1362 1738 2277 1909
557 2367 2414 1059 1582
510 1560 2309 1081 656
1717 1353 742 769 2567
59 2397 842 1391 2024
160 1955 2601 1217 1354
1916 533 2537 655 40
860 1776 486 2198 22
425 386 274 1960 330
1483 563 1862 1282 196
642 1376 940 348 520
1051 41 828 2421 710
360 1662 298 975 1933
560 554 1454 1336 2354
536 1882 345 2496 1472
1120 433 396 768 832
2491 1337 1712 2011 1316
1293 364 716 2254 1207
801 253 2048 1089 902
193 1440 265 1476 1046
62 1722 880 602 2454
2645 472 1009 2556 259
1070 1491 580 2121 1122
334 1558 1536 626 88
1455 9 2446 1173 1777
1214 112 2545 2597 2217
786 1159 581 88 918
1133 1172 1586 798 1256
190 1115 2283 1686 956
1466 2593 1587 843 112
908 1620 465 2637 1079
54 616 1062 949 1761
700 2160 904 712 1705
2573 1955 1441 1841 160
2409 93 1274 1691 1678
244 1538 1747 719 1458
1493 614 374 1575 2127
1391 2049 2067 11 547
189 2042 1507 532 1707
901 1250 1171 144 1669
210 1358 452 1381 1192
2466 2347 1193 389 265
546 1080 2420 1466 635
1065 1866 958 149 318
2053 2051 2287 1447 2047
77 1859 1482 668 204
186 425 1911 73 479
71 1723 1021 37 746
564 405 1368 1837 1709
2302 1976 583 331 2238
1767 2473 1257 1904 52
1377 2327 1925 951 301
2294 114 2649 2483 911
2487 1474 270 2338 1194
2328 1179 2232 1092 2380
1525 1219 290 231 1945
951 1982 2327 488 2554
2001 1037 442 1950 2287
2190 598 2339 87 512
1485 349 1313 863 1138
19 1176 1635 2333 749
1401 485 1341 12 2258
2030 1128 1110 162 550
2486 1354 372 1955 799
2175 43 960 1935 934
359 1260 341 2006 417
657 28 2004 1370 2133
1087 1177 1251 1211 618
1388 347 690 1697 588
1978 1914 1079 2598 300
119 1948 1781 2562 1257
391 2190 512 598 2319
1254 1069 1263 2066 1400
1927 2510 609 1888 1784
2028 1442 1150 350 2544
2511 2108 950 2298 1500
654 947 2095 1185 2025
259 1616 2589 2233 472
2378 1318 1781 2562 2461
2396 2074 1167 1698 1798
672 840 276 1475 507
626 1536 2620 1248 364
